uniqid_eco4,imperv_nwalt1974_eco4,imperv_nwalt1982_eco4,imperv_nwalt1992_eco4,imperv_nwalt2002_eco4,imperv_nwalt2012_eco4,imperv_nlcd2001_eco4,imperv_nlcd2006_eco4,imperv_nlcd2011_eco4
1,0.88,0.92,0.94,0.97,1.03,0.87,0.91,0.95
2,0.40,0.41,0.42,0.42,0.43,0.25,0.26,0.27
3,0.38,0.39,0.39,0.40,0.40,0.24,0.25,0.25
4,0.54,0.54,0.55,0.56,0.56,0.26,0.26,0.27
5,1.60,1.72,1.78,1.89,2.03,2.01,2.14,2.21
6,0.73,0.78,0.79,0.82,0.84,0.74,0.75,0.76
7,0.74,0.75,0.76,0.77,0.78,0.42,0.44,0.44
8,0.57,0.59,0.61,0.62,0.65,0.56,0.59,0.63
9,0.46,0.47,0.48,0.49,0.49,0.44,0.44,0.44
10,0.46,0.46,0.47,0.48,0.49,0.28,0.28,0.28
11,0.25,0.25,0.25,0.25,0.25,0.06,0.06,0.06
12,0.72,0.74,0.76,0.78,0.80,0.85,0.87,0.89
13,0.66,0.66,0.69,0.71,0.72,1.12,1.14,1.16
14,0.23,0.23,0.23,0.24,0.24,0.12,0.12,0.12
15,0.25,0.26,0.26,0.26,0.26,0.15,0.15,0.15
16,0.23,0.23,0.23,0.23,0.23,0.12,0.12,0.12
17,0.28,0.28,0.28,0.28,0.28,0.25,0.25,0.25
18,0.25,0.25,0.25,0.25,0.25,0.15,0.15,0.15
19,0.24,0.25,0.25,0.25,0.25,0.22,0.22,0.22
20,0.24,0.24,0.24,0.24,0.24,0.29,0.29,0.29
21,0.26,0.26,0.27,0.27,0.27,0.17,0.17,0.17
22,0.24,0.24,0.24,0.25,0.25,0.22,0.22,0.22
23,0.23,0.23,0.23,0.23,0.23,0.11,0.11,0.11
24,0.77,0.79,0.80,0.81,0.82,0.81,0.82,0.84
25,0.22,0.22,0.22,0.22,0.22,0.28,0.28,0.28
26,0.10,0.10,0.10,0.10,0.10,0.03,0.03,0.03
27,0.86,0.91,0.94,1.06,1.18,1.52,1.60,1.65
28,0.32,0.32,0.32,0.33,0.33,0.12,0.12,0.12
29,2.11,2.30,2.41,2.77,3.06,2.53,2.96,3.17
30,0.19,0.19,0.19,0.20,0.20,0.09,0.09,0.09
31,0.47,0.50,0.53,0.55,0.57,0.78,0.81,0.81
32,0.34,0.35,0.36,0.36,0.37,0.28,0.28,0.30
33,1.69,1.78,1.83,1.97,2.12,2.05,2.22,2.39
34,0.25,0.25,0.26,0.26,0.26,0.17,0.17,0.17
35,0.29,0.30,0.31,0.32,0.33,0.24,0.24,0.25
36,0.43,0.46,0.47,0.50,0.52,0.54,0.56,0.57
37,1.18,1.26,1.29,1.35,1.44,1.46,1.55,1.60
38,0.21,0.22,0.22,0.23,0.24,0.27,0.28,0.28
39,0.25,0.26,0.27,0.28,0.30,0.16,0.18,0.19
40,1.93,2.22,2.45,2.81,3.16,3.09,3.39,3.48
41,0.50,0.51,0.52,0.54,0.55,0.56,0.56,0.56
42,0.64,0.67,0.69,0.70,0.71,0.68,0.68,0.69
43,0.26,0.26,0.27,0.27,0.27,0.42,0.42,0.42
44,0.32,0.33,0.33,0.33,0.34,0.18,0.18,0.18
45,0.33,0.34,0.36,0.37,0.40,0.49,0.52,0.53
46,0.48,0.51,0.53,0.58,0.64,0.70,0.75,0.77
47,0.27,0.27,0.27,0.27,0.28,0.20,0.20,0.20
48,0.22,0.22,0.22,0.22,0.22,0.04,0.04,0.04
49,15.28,17.04,18.78,21.40,24.44,21.40,23.73,25.12
50,0.22,0.23,0.23,0.24,0.26,0.28,0.29,0.31
51,0.24,0.24,0.24,0.24,0.24,0.22,0.22,0.22
52,1.52,1.64,1.73,1.91,2.15,1.74,1.93,2.14
53,0.38,0.39,0.40,0.43,0.45,0.48,0.51,0.52
54,0.22,0.22,0.22,0.22,0.22,0.13,0.13,0.13
55,0.22,0.22,0.22,0.22,0.22,0.03,0.03,0.03
56,0.25,0.25,0.26,0.27,0.28,0.26,0.26,0.27
57,0.18,0.18,0.18,0.18,0.18,0.12,0.12,0.12
58,0.16,0.16,0.16,0.16,0.16,0.00,0.00,0.00
59,0.26,0.27,0.27,0.27,0.27,0.34,0.34,0.35
60,0.23,0.23,0.23,0.23,0.23,0.10,0.10,0.10
61,0.23,0.23,0.23,0.24,0.24,0.16,0.16,0.16
62,0.22,0.22,0.22,0.22,0.22,0.04,0.04,0.04
63,0.22,0.22,0.22,0.22,0.22,0.01,0.01,0.01
64,0.27,0.28,0.28,0.28,0.28,0.31,0.31,0.31
65,0.24,0.24,0.24,0.24,0.24,0.09,0.09,0.09
66,0.24,0.24,0.24,0.24,0.24,0.07,0.07,0.07
67,0.29,0.29,0.29,0.30,0.30,0.14,0.14,0.14
68,0.20,0.20,0.20,0.20,0.20,0.03,0.03,0.03
69,0.29,0.29,0.30,0.31,0.32,0.40,0.41,0.41
70,0.92,1.08,1.29,1.59,1.83,1.50,1.75,1.81
71,0.27,0.27,0.27,0.27,0.27,0.12,0.12,0.12
72,0.22,0.23,0.23,0.23,0.23,0.12,0.12,0.12
73,0.20,0.20,0.20,0.20,0.20,0.12,0.12,0.12
74,0.50,0.56,0.67,0.85,0.92,0.87,0.93,0.98
75,0.35,0.35,0.40,0.41,0.41,0.26,0.27,0.27
76,0.33,0.38,0.43,0.53,0.60,0.84,0.86,0.88
77,0.31,0.31,0.31,0.32,0.32,0.20,0.20,0.20
78,0.24,0.25,0.25,0.25,0.25,0.30,0.30,0.30
79,1.22,1.32,1.53,1.63,1.82,1.46,1.55,1.66
80,0.30,0.30,0.30,0.31,0.31,0.15,0.15,0.15
81,0.23,0.23,0.23,0.23,0.23,0.07,0.07,0.07
82,0.24,0.24,0.24,0.24,0.24,0.00,0.00,0.00
83,0.32,0.32,0.32,0.32,0.32,0.15,0.15,0.16
84,0.28,0.28,0.28,0.28,0.28,0.04,0.04,0.04
85,0.11,0.11,0.11,0.11,0.11,0.01,0.01,0.01
86,0.34,0.34,0.35,0.35,0.35,0.35,0.35,0.35
87,0.50,0.53,0.54,0.56,0.56,1.05,1.05,1.05
88,1.12,1.19,1.23,1.32,1.42,1.61,1.70,1.76
89,0.89,0.90,0.92,0.94,1.00,1.30,1.32,1.40
90,0.28,0.28,0.29,0.29,0.29,0.33,0.33,0.33
91,0.46,0.49,0.50,0.50,0.50,0.37,0.38,0.38
92,0.27,0.27,0.27,0.27,0.27,0.44,0.44,0.44
93,0.20,0.20,0.20,0.20,0.20,0.03,0.03,0.03
94,0.25,0.25,0.25,0.25,0.25,0.10,0.10,0.10
95,0.49,0.52,0.52,0.53,0.54,0.51,0.51,0.52
96,0.29,0.29,0.29,0.30,0.30,0.22,0.22,0.22
97,0.31,0.32,0.32,0.32,0.33,0.38,0.38,0.38
98,0.66,0.67,0.69,0.71,0.72,1.20,1.21,1.22
99,0.28,0.28,0.29,0.29,0.29,0.33,0.33,0.33
100,0.43,0.44,0.44,0.44,0.44,0.36,0.36,0.36
101,0.25,0.25,0.25,0.25,0.25,0.14,0.14,0.14
102,0.28,0.28,0.28,0.28,0.28,0.15,0.15,0.16
103,0.55,0.56,0.56,0.57,0.57,0.62,0.63,0.63
104,6.07,6.56,6.88,7.40,8.22,7.86,8.34,8.76
105,0.54,0.57,0.59,0.61,0.64,0.75,0.77,0.78
106,0.57,0.59,0.62,0.64,0.66,0.73,0.74,0.75
107,0.52,0.54,0.56,0.58,0.63,0.55,0.56,0.57
108,0.49,0.50,0.50,0.50,0.50,0.32,0.32,0.32
109,0.26,0.26,0.26,0.27,0.27,0.18,0.18,0.18
110,0.39,0.39,0.39,0.39,0.39,0.14,0.14,0.14
111,0.23,0.23,0.23,0.24,0.24,0.12,0.12,0.12
112,0.14,0.14,0.14,0.14,0.14,0.04,0.04,0.04
113,0.18,0.19,0.19,0.19,0.19,0.06,0.06,0.06
114,0.26,0.27,0.27,0.28,0.28,0.19,0.19,0.19
115,0.08,0.08,0.08,0.08,0.09,0.03,0.03,0.03
116,0.17,0.18,0.18,0.19,0.19,0.18,0.18,0.18
117,0.43,0.45,0.48,0.50,0.51,0.51,0.52,0.53
118,0.15,0.15,0.15,0.15,0.15,0.00,0.00,0.00
119,0.23,0.23,0.23,0.23,0.23,0.07,0.07,0.07
120,0.23,0.23,0.23,0.23,0.23,0.09,0.09,0.09
121,0.21,0.21,0.21,0.21,0.21,0.08,0.08,0.08
122,0.53,0.56,0.59,0.61,0.64,0.58,0.61,0.63
123,0.58,0.59,0.62,0.63,0.64,1.19,1.20,1.20
124,0.27,0.27,0.27,0.27,0.27,0.23,0.23,0.23
125,0.30,0.30,0.31,0.31,0.32,0.18,0.18,0.18
126,0.24,0.24,0.24,0.24,0.24,0.06,0.06,0.06
127,0.24,0.24,0.24,0.24,0.24,0.04,0.04,0.04
128,0.22,0.22,0.22,0.22,0.22,0.09,0.09,0.09
129,0.24,0.24,0.24,0.24,0.24,0.04,0.04,0.04
130,0.27,0.27,0.27,0.28,0.28,0.10,0.10,0.10
131,0.31,0.31,0.31,0.31,0.31,0.13,0.13,0.13
132,0.33,0.34,0.35,0.35,0.36,0.31,0.31,0.31
133,0.65,0.66,0.67,0.68,0.69,0.89,0.90,0.90
134,0.25,0.25,0.25,0.25,0.25,0.09,0.09,0.09
135,0.25,0.25,0.25,0.25,0.25,0.10,0.10,0.10
136,0.07,0.07,0.07,0.07,0.07,0.00,0.00,0.00
137,0.16,0.16,0.16,0.16,0.16,0.02,0.02,0.02
138,0.31,0.33,0.33,0.34,0.35,0.33,0.33,0.34
139,0.31,0.32,0.32,0.33,0.34,0.27,0.27,0.28
140,0.24,0.24,0.24,0.24,0.24,0.02,0.02,0.02
141,0.24,0.24,0.24,0.24,0.24,0.04,0.04,0.04
142,0.24,0.24,0.24,0.24,0.24,0.04,0.04,0.04
143,0.18,0.18,0.18,0.18,0.19,0.05,0.05,0.05
144,0.15,0.15,0.15,0.15,0.15,0.01,0.01,0.01
145,0.17,0.17,0.17,0.17,0.17,0.04,0.04,0.04
146,0.08,0.08,0.08,0.08,0.08,0.07,0.07,0.08
147,0.19,0.19,0.19,0.19,0.19,0.04,0.04,0.04
148,0.24,0.24,0.24,0.24,0.24,0.03,0.03,0.03
149,0.23,0.23,0.24,0.24,0.24,0.11,0.11,0.11
150,0.31,0.32,0.34,0.37,0.38,0.39,0.40,0.41
151,0.25,0.25,0.25,0.25,0.25,0.05,0.05,0.05
152,0.41,0.42,0.43,0.44,0.44,0.34,0.34,0.34
153,0.27,0.27,0.27,0.27,0.27,0.23,0.23,0.23
154,0.26,0.26,0.27,0.27,0.27,0.15,0.15,0.15
155,2.09,2.25,2.36,2.58,2.74,3.07,3.19,3.25
156,0.25,0.25,0.25,0.25,0.26,0.25,0.25,0.25
157,0.33,0.34,0.36,0.37,0.37,0.42,0.42,0.42
158,0.25,0.25,0.25,0.25,0.25,0.15,0.15,0.15
159,0.85,0.95,1.04,1.14,1.24,1.48,1.53,1.59
160,0.25,0.26,0.26,0.27,0.27,0.12,0.12,0.12
161,0.25,0.25,0.25,0.25,0.25,0.19,0.19,0.19
162,0.24,0.24,0.24,0.24,0.24,0.02,0.02,0.02
163,0.32,0.32,0.33,0.33,0.34,0.34,0.34,0.35
164,0.32,0.32,0.33,0.34,0.34,0.30,0.30,0.30
165,0.50,0.52,0.53,0.55,0.56,0.51,0.52,0.52
166,0.29,0.29,0.30,0.30,0.30,0.25,0.25,0.25
167,0.33,0.34,0.34,0.35,0.36,0.39,0.40,0.41
168,0.34,0.34,0.35,0.37,0.39,0.38,0.40,0.42
169,0.34,0.34,0.35,0.35,0.36,0.58,0.59,0.59
170,0.20,0.20,0.20,0.20,0.20,0.00,0.00,0.00
171,0.20,0.20,0.20,0.20,0.20,0.02,0.02,0.02
172,0.24,0.24,0.24,0.25,0.25,0.12,0.12,0.12
173,0.21,0.21,0.21,0.22,0.22,0.04,0.05,0.05
174,0.25,0.25,0.26,0.26,0.26,0.16,0.16,0.16
175,0.30,0.31,0.32,0.33,0.36,0.21,0.23,0.24
176,0.66,0.71,0.75,0.81,0.90,1.03,1.10,1.15
177,3.28,3.46,3.54,3.66,3.75,4.25,4.42,4.48
178,0.76,0.79,0.80,0.82,0.83,0.94,0.95,0.96
179,0.21,0.21,0.21,0.21,0.22,0.17,0.17,0.17
180,0.54,0.55,0.55,0.56,0.56,0.55,0.56,0.56
181,0.70,0.72,0.73,0.73,0.74,0.58,0.58,0.58
182,0.90,0.93,0.94,0.95,0.97,0.83,0.84,0.84
183,0.34,0.35,0.35,0.35,0.35,0.31,0.31,0.31
184,0.34,0.34,0.34,0.35,0.35,0.28,0.29,0.29
185,0.19,0.20,0.20,0.21,0.21,0.15,0.15,0.16
186,0.16,0.16,0.17,0.17,0.17,0.14,0.16,0.16
187,0.30,0.30,0.31,0.32,0.32,0.14,0.14,0.14
188,1.47,1.61,1.68,1.74,1.80,2.01,2.41,2.43
189,0.81,0.82,0.84,0.84,0.85,0.59,0.60,0.61
190,1.54,1.69,1.77,1.83,1.88,0.97,1.05,1.07
191,2.54,2.85,3.00,3.11,3.24,2.55,2.60,2.63
192,0.46,0.48,0.50,0.53,0.55,0.53,0.54,0.54
193,0.70,0.74,0.78,0.84,0.89,0.95,0.99,1.02
194,0.26,0.27,0.27,0.27,0.28,0.20,0.20,0.20
195,0.26,0.27,0.27,0.28,0.28,0.14,0.14,0.14
196,0.22,0.22,0.22,0.22,0.23,0.07,0.07,0.07
197,0.42,0.44,0.45,0.47,0.50,0.60,0.62,0.66
198,0.31,0.31,0.32,0.33,0.33,0.30,0.30,0.30
199,0.28,0.29,0.30,0.32,0.32,0.16,0.16,0.16
200,0.22,0.23,0.23,0.23,0.23,0.12,0.12,0.12
201,0.21,0.22,0.22,0.22,0.22,0.02,0.02,0.02
202,0.25,0.25,0.26,0.26,0.26,0.12,0.13,0.13
203,0.32,0.34,0.35,0.37,0.37,0.31,0.32,0.32
204,0.36,0.38,0.40,0.43,0.45,0.40,0.41,0.43
205,0.28,0.29,0.30,0.31,0.31,0.18,0.19,0.19
206,0.27,0.27,0.28,0.29,0.29,0.19,0.19,0.19
207,0.24,0.24,0.24,0.24,0.24,0.08,0.08,0.08
208,0.27,0.27,0.27,0.28,0.28,0.21,0.21,0.21
209,0.40,0.41,0.42,0.43,0.44,0.42,0.43,0.44
210,0.37,0.39,0.41,0.41,0.42,0.49,0.49,0.50
211,0.31,0.32,0.32,0.32,0.32,0.58,0.58,0.58
212,0.20,0.20,0.20,0.20,0.20,0.13,0.13,0.13
213,0.63,0.65,0.67,0.69,0.70,1.23,1.24,1.28
214,0.35,0.36,0.37,0.38,0.39,0.88,0.89,0.90
215,0.20,0.20,0.20,0.20,0.20,0.08,0.08,0.08
216,0.24,0.24,0.24,0.25,0.25,0.30,0.30,0.30
217,0.54,0.55,0.57,0.61,0.63,0.91,0.91,0.92
218,4.99,5.34,5.63,6.26,6.73,5.72,6.19,6.51
219,0.54,0.59,0.63,0.70,0.76,0.59,0.65,0.74
220,0.36,0.39,0.40,0.42,0.44,0.38,0.39,0.39
221,0.25,0.25,0.26,0.27,0.27,0.30,0.30,0.30
222,0.20,0.22,0.22,0.23,0.26,0.16,0.18,0.19
223,0.28,0.28,0.29,0.29,0.29,0.30,0.30,0.30
224,1.22,1.35,1.49,1.70,1.98,1.71,1.98,2.13
225,0.24,0.25,0.25,0.25,0.25,0.41,0.41,0.41
226,0.22,0.22,0.23,0.23,0.23,0.32,0.32,0.32
227,0.28,0.28,0.30,0.30,0.30,0.46,0.47,0.47
228,0.19,0.19,0.19,0.20,0.20,0.15,0.15,0.15
229,0.16,0.16,0.16,0.16,0.16,0.05,0.05,0.05
230,0.13,0.13,0.13,0.13,0.13,0.37,0.37,0.37
231,0.27,0.28,0.28,0.28,0.28,0.20,0.20,0.20
232,0.20,0.20,0.21,0.21,0.22,0.11,0.11,0.11
233,0.22,0.22,0.22,0.22,0.22,0.11,0.11,0.11
234,0.08,0.08,0.08,0.08,0.08,0.01,0.01,0.01
235,0.18,0.18,0.18,0.18,0.18,0.12,0.12,0.12
236,0.17,0.17,0.17,0.17,0.17,0.05,0.05,0.05
237,0.26,0.27,0.30,0.35,0.38,0.26,0.29,0.31
238,0.12,0.13,0.13,0.13,0.13,0.09,0.09,0.09
239,0.24,0.25,0.26,0.28,0.30,0.23,0.25,0.26
240,0.28,0.29,0.30,0.32,0.34,0.27,0.28,0.30
241,0.19,0.19,0.19,0.19,0.19,0.12,0.12,0.12
242,0.24,0.24,0.25,0.26,0.26,0.25,0.26,0.26
243,0.20,0.21,0.21,0.22,0.22,0.09,0.10,0.11
244,0.13,0.13,0.13,0.13,0.13,0.02,0.02,0.02
245,0.29,0.31,0.32,0.35,0.35,0.32,0.33,0.34
246,0.25,0.26,0.26,0.27,0.27,0.49,0.49,0.50
247,0.22,0.23,0.23,0.23,0.23,0.17,0.17,0.17
248,0.18,0.18,0.18,0.20,0.20,0.25,0.25,0.28
249,0.20,0.20,0.21,0.22,0.22,0.11,0.11,0.11
250,0.49,0.52,0.54,0.58,0.65,0.55,0.61,0.65
251,0.25,0.25,0.25,0.26,0.26,0.18,0.19,0.19
252,0.25,0.25,0.25,0.25,0.25,0.23,0.23,0.23
253,0.22,0.22,0.22,0.22,0.22,0.08,0.08,0.08
254,0.28,0.28,0.29,0.31,0.32,0.17,0.19,0.19
255,3.78,3.98,4.32,4.70,5.10,4.59,4.95,5.16
256,0.14,0.14,0.14,0.14,0.14,0.13,0.13,0.13
257,0.22,0.22,0.22,0.22,0.22,0.06,0.06,0.06
258,0.31,0.31,0.31,0.32,0.32,0.36,0.36,0.36
259,0.31,0.32,0.33,0.34,0.34,0.14,0.15,0.15
260,0.39,0.43,0.48,0.54,0.61,0.39,0.45,0.47
261,0.77,0.83,0.88,0.93,0.99,0.77,0.85,0.88
262,0.48,0.50,0.51,0.53,0.54,0.42,0.43,0.43
263,0.30,0.30,0.30,0.30,0.30,0.19,0.19,0.19
264,0.29,0.29,0.30,0.30,0.30,0.26,0.26,0.26
265,0.65,0.68,0.69,0.72,0.74,0.75,0.77,0.80
266,0.73,0.77,0.80,0.83,0.87,0.68,0.71,0.74
267,0.26,0.27,0.27,0.28,0.32,0.19,0.20,0.22
268,0.60,0.63,0.65,0.67,0.74,0.54,0.59,0.64
269,6.75,8.12,9.62,10.78,12.06,10.44,11.71,12.19
270,0.39,0.40,0.40,0.41,0.42,0.30,0.33,0.34
271,0.45,0.46,0.47,0.47,0.48,0.32,0.33,0.34
272,0.30,0.30,0.30,0.31,0.31,0.20,0.20,0.21
273,0.30,0.31,0.31,0.32,0.33,0.23,0.24,0.25
274,0.51,0.54,0.55,0.58,0.61,0.46,0.48,0.50
275,0.25,0.25,0.25,0.25,0.25,0.08,0.08,0.08
276,0.25,0.25,0.25,0.25,0.25,0.07,0.07,0.07
277,0.23,0.24,0.24,0.25,0.25,0.16,0.16,0.16
278,0.80,0.91,1.12,1.58,2.32,1.21,1.71,1.95
279,1.85,2.02,2.31,2.56,2.98,2.39,2.71,2.92
280,0.30,0.30,0.31,0.32,0.33,0.19,0.19,0.19
281,0.32,0.32,0.32,0.33,0.33,0.16,0.16,0.16
282,0.15,0.15,0.15,0.15,0.15,0.07,0.07,0.07
283,0.22,0.23,0.23,0.23,0.23,0.18,0.18,0.18
284,0.23,0.23,0.24,0.24,0.24,0.12,0.12,0.12
285,0.25,0.26,0.26,0.27,0.28,0.22,0.22,0.22
286,0.19,0.19,0.19,0.19,0.19,0.09,0.09,0.09
287,0.56,0.58,0.60,0.61,0.62,0.66,0.67,0.68
288,0.44,0.45,0.46,0.46,0.47,0.44,0.44,0.44
289,0.72,0.76,0.78,0.80,0.82,0.74,0.76,0.77
290,1.09,1.17,1.26,1.32,1.42,1.31,1.40,1.46
291,0.49,0.50,0.51,0.52,0.52,0.57,0.57,0.58
292,0.67,0.69,0.70,0.71,0.72,0.66,0.67,0.68
293,1.41,1.48,1.53,1.59,1.67,1.72,1.80,1.88
294,0.75,0.78,0.80,0.82,0.85,0.67,0.72,0.75
295,0.86,0.89,0.91,0.93,0.97,0.83,0.88,0.92
296,0.42,0.43,0.44,0.44,0.45,0.29,0.31,0.32
297,0.47,0.47,0.48,0.49,0.50,0.29,0.30,0.31
298,0.43,0.43,0.44,0.45,0.47,0.47,0.51,0.51
299,0.67,0.69,0.70,0.73,0.75,0.59,0.61,0.65
300,0.38,0.38,0.39,0.40,0.44,0.59,0.70,0.71
301,1.91,2.11,2.34,2.50,2.72,2.44,2.66,2.86
302,0.21,0.21,0.21,0.21,0.21,0.33,0.34,0.34
303,0.49,0.50,0.51,0.53,0.54,0.36,0.39,0.40
304,0.29,0.29,0.30,0.30,0.30,0.16,0.18,0.18
305,0.68,0.70,0.73,0.75,0.78,0.70,0.72,0.74
306,0.96,1.05,1.12,1.18,1.23,0.96,1.01,1.04
307,2.61,3.03,3.85,4.54,4.97,3.93,4.19,4.57
308,0.67,0.71,0.75,0.79,0.83,0.60,0.65,0.67
309,3.23,3.60,4.07,4.43,5.09,3.82,4.30,4.73
310,0.70,0.76,0.83,0.89,1.02,0.73,0.84,0.94
311,0.33,0.35,0.36,0.36,0.37,0.29,0.31,0.32
312,0.89,0.93,0.95,1.00,1.03,0.87,0.93,0.97
313,0.63,0.66,0.67,0.69,0.71,0.61,0.65,0.66
314,0.42,0.43,0.44,0.46,0.46,0.39,0.41,0.41
315,5.54,6.03,6.30,6.78,7.23,7.17,7.49,7.63
316,8.55,9.32,10.13,11.03,11.83,11.67,12.55,12.93
317,2.34,2.51,2.68,3.11,3.36,4.15,4.23,4.29
318,3.35,3.79,3.98,4.29,4.49,4.61,4.69,4.75
319,4.54,4.89,5.71,6.46,7.08,5.73,6.13,6.32
320,11.03,11.73,12.43,13.02,13.51,13.05,13.57,13.84
321,7.35,8.01,8.97,9.84,10.70,9.09,9.86,10.32
322,3.57,3.64,3.72,3.79,3.94,3.88,3.97,4.01
323,2.44,2.53,2.56,2.60,2.70,2.80,2.89,2.95
324,0.32,0.33,0.34,0.36,0.36,0.21,0.22,0.23
325,0.50,0.53,0.55,0.58,0.59,0.26,0.28,0.29
326,0.84,0.96,1.20,1.52,1.83,1.23,1.48,1.72
327,0.36,0.36,0.37,0.39,0.42,0.36,0.38,0.42
328,0.53,0.55,0.57,0.59,0.60,0.61,0.63,0.64
329,0.45,0.46,0.47,0.48,0.51,0.64,0.65,0.67
330,0.74,0.76,0.78,0.83,0.88,1.02,1.07,1.10
331,4.75,4.96,5.64,6.29,6.75,7.12,7.35,7.60
332,3.62,4.09,4.70,5.24,5.92,5.00,5.63,6.17
333,0.82,0.85,0.89,0.91,0.94,0.84,0.86,0.90
334,0.90,0.96,1.05,1.12,1.32,0.79,0.90,1.08
335,1.15,1.21,1.28,1.33,1.39,1.66,1.71,1.75
336,0.73,0.76,0.81,0.85,0.92,0.97,1.02,1.11
337,0.82,0.85,0.92,0.94,0.98,0.80,0.82,0.87
338,1.97,2.02,2.12,2.18,2.23,2.72,2.75,2.80
339,0.71,0.78,1.18,1.32,1.40,1.24,1.28,1.40
340,0.59,0.60,0.63,0.65,0.66,0.62,0.63,0.66
341,4.05,5.01,5.81,6.19,6.94,6.05,6.67,7.21
342,1.55,1.65,1.77,1.85,1.96,1.78,1.85,1.96
343,1.21,1.43,1.81,2.15,2.53,1.89,2.16,2.39
344,0.40,0.41,0.41,0.42,0.43,0.33,0.34,0.35
345,2.99,3.37,3.92,4.98,5.56,4.77,5.08,5.39
346,5.01,5.70,6.52,7.44,8.23,8.01,8.38,8.85
347,0.67,0.71,0.75,0.76,0.78,0.88,0.89,0.92
348,2.13,2.30,2.48,2.59,2.74,2.72,2.91,3.08
349,1.69,1.80,1.97,2.07,2.18,1.88,1.97,2.14
350,3.43,3.81,4.49,4.74,5.08,4.74,5.06,5.28
351,1.46,1.57,1.68,1.74,1.83,1.90,1.97,2.04
352,0.51,0.54,0.57,0.58,0.60,0.66,0.68,0.69
353,1.09,1.19,1.27,1.30,1.36,1.56,1.61,1.66
354,0.67,0.70,0.72,0.73,0.75,0.71,0.76,0.77
355,0.89,0.98,1.05,1.13,1.21,1.20,1.25,1.31
356,1.52,1.76,1.97,2.15,2.47,1.99,2.22,2.41
357,1.55,1.68,1.81,1.88,2.00,1.99,2.12,2.23
358,0.79,0.84,0.87,0.89,0.91,0.91,1.05,1.08
359,0.45,0.46,0.47,0.47,0.48,0.58,0.61,0.61
360,0.85,0.96,1.03,1.10,1.18,1.05,1.13,1.18
361,0.63,0.70,0.77,0.83,0.93,0.73,0.80,0.84
362,0.97,1.05,1.20,1.25,1.35,1.08,1.18,1.24
363,0.29,0.29,0.29,0.30,0.30,0.28,0.28,0.28
364,0.55,0.55,0.56,0.58,0.58,0.44,0.44,0.45
365,0.34,0.35,0.36,0.37,0.38,0.29,0.31,0.32
366,0.94,0.98,1.08,1.10,1.19,1.23,1.30,1.35
367,0.75,0.80,0.86,0.91,0.99,0.96,0.99,1.17
368,1.39,1.49,1.60,1.69,1.78,1.77,1.88,1.96
369,0.59,0.60,0.61,0.63,0.64,0.47,0.50,0.53
370,0.32,0.33,0.33,0.34,0.34,0.21,0.21,0.21
371,0.48,0.52,0.55,0.58,0.60,0.49,0.51,0.53
372,1.54,1.68,1.85,2.05,2.25,2.03,2.23,2.35
373,0.51,0.55,0.58,0.62,0.64,0.47,0.50,0.51
374,0.54,0.59,0.61,0.66,0.71,0.60,0.63,0.65
375,0.73,0.77,0.80,0.84,0.86,0.79,0.82,0.83
376,0.58,0.60,0.65,0.70,0.74,0.64,0.67,0.70
377,0.74,0.77,0.82,0.84,0.88,0.79,0.83,0.87
378,0.50,0.51,0.52,0.54,0.55,0.37,0.38,0.38
379,0.33,0.33,0.34,0.34,0.35,0.22,0.23,0.23
380,2.11,2.35,2.73,2.94,3.14,2.54,2.70,2.82
381,0.52,0.53,0.54,0.56,0.58,0.47,0.50,0.52
382,0.72,0.74,0.76,0.78,0.79,0.82,0.85,0.86
383,18.08,19.34,19.94,21.10,22.02,22.39,23.12,23.44
384,5.67,6.14,6.41,6.67,6.91,6.91,7.11,7.27
385,5.91,6.61,7.02,7.49,7.90,7.82,8.08,8.27
386,1.92,2.10,2.20,2.36,2.50,2.11,2.18,2.22
387,0.78,0.80,0.81,0.82,0.83,0.79,0.80,0.81
388,1.82,2.00,2.17,2.34,2.48,2.30,2.45,2.56
389,2.00,2.16,2.34,2.48,2.64,2.34,2.50,2.57
390,0.91,0.94,0.96,0.98,1.00,0.93,0.95,0.96
391,0.98,1.03,1.07,1.10,1.17,1.11,1.17,1.23
392,0.21,0.21,0.22,0.22,0.22,0.20,0.20,0.20
393,0.10,0.10,0.10,0.10,0.10,0.01,0.01,0.01
394,0.20,0.20,0.21,0.21,0.21,0.09,0.09,0.09
395,0.14,0.14,0.14,0.14,0.14,0.02,0.02,0.02
396,0.06,0.06,0.06,0.06,0.06,0.00,0.00,0.00
397,0.32,0.33,0.33,0.33,0.33,0.26,0.26,0.26
398,0.51,0.54,0.56,0.58,0.61,0.51,0.53,0.55
399,0.42,0.43,0.43,0.45,0.47,0.40,0.42,0.43
400,0.33,0.33,0.33,0.33,0.33,0.35,0.36,0.36
401,0.46,0.46,0.46,0.47,0.47,0.22,0.22,0.22
402,0.42,0.43,0.44,0.45,0.45,0.39,0.39,0.40
403,0.45,0.46,0.46,0.47,0.47,0.43,0.43,0.43
404,0.31,0.31,0.32,0.32,0.32,0.21,0.21,0.21
405,0.35,0.35,0.36,0.37,0.37,0.29,0.29,0.29
406,0.30,0.30,0.31,0.31,0.31,0.30,0.30,0.30
407,0.33,0.33,0.34,0.34,0.34,0.26,0.26,0.26
408,0.25,0.25,0.25,0.26,0.26,0.12,0.12,0.12
409,0.27,0.27,0.27,0.27,0.27,0.21,0.21,0.21
410,0.31,0.31,0.31,0.31,0.31,0.18,0.18,0.18
411,0.49,0.50,0.50,0.50,0.51,0.46,0.47,0.47
412,0.40,0.41,0.41,0.42,0.42,0.38,0.38,0.38
413,0.32,0.32,0.33,0.34,0.34,0.36,0.37,0.37
414,0.31,0.31,0.31,0.32,0.32,0.24,0.24,0.24
415,0.35,0.36,0.37,0.37,0.37,0.30,0.30,0.31
416,0.26,0.26,0.26,0.26,0.27,0.18,0.18,0.18
417,0.33,0.34,0.34,0.35,0.36,0.31,0.32,0.33
418,0.25,0.25,0.25,0.25,0.25,0.17,0.17,0.17
419,0.27,0.27,0.27,0.27,0.27,0.28,0.28,0.28
420,0.33,0.33,0.34,0.34,0.34,0.31,0.32,0.32
421,0.41,0.42,0.44,0.45,0.47,0.45,0.47,0.49
422,0.24,0.24,0.25,0.25,0.25,0.23,0.23,0.23
423,0.33,0.33,0.33,0.34,0.34,0.36,0.37,0.37
424,0.27,0.27,0.27,0.27,0.27,0.15,0.15,0.15
425,0.26,0.26,0.26,0.26,0.26,0.20,0.20,0.20
426,0.24,0.24,0.24,0.24,0.24,0.10,0.10,0.10
427,0.38,0.38,0.39,0.39,0.40,0.37,0.38,0.38
428,0.37,0.39,0.40,0.40,0.41,0.41,0.41,0.42
429,0.34,0.35,0.36,0.36,0.36,0.36,0.37,0.37
430,0.25,0.25,0.25,0.25,0.25,0.16,0.16,0.16
431,0.37,0.39,0.40,0.41,0.43,0.40,0.41,0.43
432,0.31,0.31,0.31,0.31,0.31,0.21,0.21,0.21
433,0.28,0.28,0.28,0.29,0.29,0.22,0.22,0.22
434,0.39,0.41,0.42,0.44,0.44,0.44,0.44,0.44
435,0.26,0.26,0.26,0.26,0.26,0.16,0.16,0.16
436,0.27,0.27,0.28,0.28,0.28,0.19,0.19,0.19
437,0.30,0.32,0.33,0.33,0.35,0.29,0.29,0.31
438,0.59,0.64,0.65,0.66,0.68,0.79,0.80,0.84
439,0.26,0.26,0.26,0.27,0.27,0.16,0.16,0.17
440,0.25,0.25,0.25,0.25,0.26,0.25,0.25,0.25
441,0.35,0.35,0.36,0.37,0.37,0.25,0.25,0.26
442,0.24,0.24,0.24,0.25,0.25,0.17,0.17,0.17
443,2.04,2.32,2.79,3.40,3.88,3.00,3.49,3.74
444,2.59,2.81,3.11,3.49,3.85,3.29,3.70,3.91
445,1.10,1.16,1.23,1.34,1.45,1.06,1.18,1.23
446,0.62,0.65,0.69,0.74,0.85,0.56,0.66,0.69
447,1.59,1.72,1.86,1.98,2.09,1.82,1.92,1.99
448,1.24,1.37,1.56,1.77,1.97,1.50,1.70,1.84
449,1.96,2.14,2.48,2.93,3.32,2.70,3.15,3.49
450,0.80,0.82,0.85,0.86,0.88,0.79,0.80,0.81
451,2.01,2.11,2.19,2.28,2.37,2.02,2.10,2.13
452,0.37,0.37,0.38,0.38,0.38,0.31,0.31,0.31
453,0.38,0.38,0.39,0.40,0.40,0.34,0.34,0.35
454,0.51,0.53,0.54,0.55,0.56,0.49,0.50,0.52
455,0.40,0.40,0.41,0.41,0.41,0.28,0.28,0.28
456,0.49,0.50,0.50,0.51,0.51,0.45,0.47,0.47
457,0.39,0.39,0.39,0.39,0.40,0.30,0.30,0.30
458,0.50,0.51,0.52,0.53,0.54,0.51,0.52,0.53
459,0.45,0.45,0.45,0.45,0.46,0.55,0.55,0.55
460,0.47,0.48,0.48,0.49,0.50,0.38,0.39,0.39
461,0.49,0.49,0.49,0.49,0.50,0.30,0.30,0.30
462,0.44,0.45,0.45,0.46,0.46,0.31,0.32,0.32
463,0.57,0.57,0.58,0.59,0.59,0.39,0.40,0.40
464,0.65,0.71,0.75,0.78,0.81,0.66,0.70,0.73
465,0.54,0.56,0.58,0.61,0.64,0.48,0.52,0.54
466,0.55,0.56,0.58,0.58,0.59,0.54,0.55,0.57
467,0.84,0.87,0.89,0.92,0.96,0.94,0.99,1.02
468,0.92,0.95,0.98,1.01,1.07,1.05,1.12,1.17
469,1.23,1.28,1.31,1.36,1.43,1.51,1.58,1.64
470,1.65,1.74,1.79,1.86,1.99,2.01,2.12,2.19
471,0.72,0.75,0.75,0.76,0.77,0.86,0.87,0.88
472,1.39,1.47,1.53,1.61,1.69,1.61,1.69,1.74
473,1.83,1.95,2.24,2.45,2.87,2.23,2.61,2.83
474,2.30,2.47,2.63,2.83,3.15,2.89,3.13,3.26
475,0.98,1.03,1.06,1.12,1.18,1.09,1.15,1.18
476,1.76,1.87,1.91,1.98,2.17,2.06,2.20,2.31
477,0.56,0.57,0.58,0.59,0.59,0.59,0.60,0.60
478,0.94,0.96,1.00,1.02,1.05,0.99,1.01,1.04
479,1.45,1.55,1.57,1.63,1.67,1.38,1.43,1.44
480,0.79,0.84,0.87,0.89,0.95,0.90,0.96,1.00
481,0.47,0.47,0.48,0.48,0.49,0.41,0.42,0.42
482,0.78,0.87,0.90,0.91,0.95,0.93,0.95,1.00
483,0.51,0.52,0.52,0.53,0.54,0.55,0.56,0.56
484,0.13,0.14,0.14,0.14,0.14,0.13,0.14,0.14
485,0.27,0.27,0.28,0.28,0.29,0.42,0.42,0.42
486,0.58,0.59,0.60,0.61,0.61,0.46,0.46,0.46
487,0.33,0.33,0.33,0.33,0.33,0.33,0.33,0.33
488,0.25,0.25,0.25,0.26,0.26,0.19,0.19,0.19
489,0.15,0.15,0.15,0.15,0.15,0.09,0.10,0.10
490,0.19,0.19,0.19,0.19,0.19,0.10,0.10,0.10
491,0.27,0.27,0.28,0.28,0.28,0.25,0.25,0.25
492,0.35,0.37,0.38,0.38,0.39,0.43,0.43,0.44
493,0.57,0.60,0.61,0.64,0.64,0.51,0.52,0.52
494,0.73,0.75,0.77,0.78,0.79,0.79,0.85,0.87
495,0.80,0.83,0.85,0.88,0.90,1.15,1.18,1.21
496,1.03,1.08,1.10,1.16,1.19,1.59,1.62,1.64
497,0.53,0.55,0.57,0.60,0.61,0.82,0.83,0.83
498,0.42,0.44,0.47,0.50,0.52,0.64,0.64,0.66
499,0.74,0.78,0.81,0.85,0.87,1.12,1.13,1.14
500,1.09,1.14,1.17,1.23,1.27,1.29,1.31,1.33
501,0.55,0.58,0.60,0.62,0.63,0.73,0.74,0.75
502,0.95,1.00,1.03,1.09,1.10,1.76,1.78,1.79
503,0.43,0.45,0.47,0.49,0.50,0.41,0.44,0.45
504,0.34,0.36,0.37,0.38,0.38,0.29,0.30,0.30
505,0.56,0.58,0.59,0.61,0.62,0.57,0.58,0.60
506,0.36,0.37,0.38,0.40,0.41,0.31,0.32,0.33
507,0.35,0.36,0.36,0.37,0.37,0.24,0.24,0.24
508,0.37,0.38,0.39,0.39,0.39,0.34,0.34,0.34
509,0.30,0.30,0.31,0.32,0.32,0.24,0.24,0.24
510,0.40,0.45,0.46,0.47,0.49,0.44,0.45,0.46
511,0.34,0.34,0.36,0.36,0.37,0.24,0.24,0.24
512,0.65,0.66,0.69,0.72,0.73,0.63,0.64,0.66
513,0.38,0.38,0.39,0.39,0.40,0.41,0.41,0.41
514,1.40,1.48,1.52,1.55,1.65,1.70,1.79,1.90
515,0.15,0.15,0.15,0.15,0.15,0.10,0.10,0.11
516,0.26,0.27,0.27,0.28,0.28,0.29,0.29,0.29
517,0.41,0.43,0.44,0.45,0.47,0.35,0.38,0.40
518,0.40,0.42,0.43,0.45,0.46,0.38,0.39,0.39
519,0.36,0.37,0.38,0.40,0.41,0.39,0.41,0.42
520,0.33,0.35,0.36,0.37,0.38,0.45,0.47,0.48
521,0.93,0.97,1.00,1.00,1.03,1.13,1.19,1.21
522,0.48,0.49,0.50,0.51,0.51,0.59,0.59,0.59
523,0.35,0.35,0.36,0.37,0.37,0.29,0.30,0.30
524,0.74,0.78,0.79,0.82,0.86,0.82,0.86,0.88
525,0.35,0.36,0.36,0.37,0.37,0.30,0.30,0.31
526,0.19,0.19,0.19,0.20,0.20,0.20,0.20,0.20
527,1.13,1.17,1.19,1.22,1.26,1.32,1.36,1.39
528,6.04,6.47,7.23,7.56,7.86,7.43,7.88,8.12
529,1.07,1.11,1.14,1.17,1.26,1.20,1.27,1.32
530,0.94,1.01,1.05,1.11,1.19,1.20,1.24,1.35
531,0.66,0.68,0.69,0.70,0.73,0.80,0.82,0.84
532,0.43,0.44,0.45,0.47,0.47,0.42,0.42,0.42
533,1.09,1.12,1.18,1.24,1.36,1.17,1.26,1.30
534,0.95,1.00,1.05,1.07,1.15,1.62,1.66,1.71
535,3.75,4.24,4.98,5.50,6.14,4.96,5.66,5.95
536,2.65,2.95,3.48,3.79,4.23,3.70,4.18,4.42
537,0.61,0.65,0.67,0.69,0.71,0.69,0.72,0.75
538,0.98,1.03,1.06,1.09,1.16,1.14,1.21,1.24
539,0.63,0.65,0.66,0.67,0.68,0.54,0.57,0.58
540,1.52,1.64,1.75,1.91,2.01,2.40,2.48,2.57
541,0.93,0.98,1.01,1.11,1.16,1.15,1.16,1.20
542,0.94,0.96,0.98,0.99,1.03,1.00,1.03,1.05
543,0.90,0.94,0.97,0.99,1.03,1.02,1.06,1.09
544,1.32,1.39,1.48,1.55,1.66,1.67,1.79,1.85
545,2.74,2.90,3.07,3.30,3.57,3.14,3.34,3.48
546,7.09,7.68,8.31,9.14,10.02,8.40,8.98,9.34
547,2.07,2.23,2.34,2.46,2.72,2.42,2.64,2.77
548,4.01,4.26,4.54,4.84,5.31,4.90,5.37,5.55
549,2.02,2.15,2.21,2.34,2.51,2.42,2.55,2.63
550,38.13,38.99,39.39,39.89,40.72,44.82,45.87,46.58
551,1.51,1.55,1.57,1.58,1.60,1.45,1.46,1.47
552,1.64,1.71,1.76,1.81,1.86,1.94,1.98,2.02
553,12.46,13.61,14.42,15.36,17.00,15.65,16.93,17.61
554,15.81,17.74,19.16,20.81,22.62,19.83,21.07,21.90
555,1.87,1.94,1.99,2.04,2.11,2.02,2.05,2.10
556,1.95,2.08,2.19,2.36,2.48,2.29,2.40,2.50
557,3.50,3.83,4.15,4.59,4.92,4.50,4.79,5.02
558,3.76,3.89,4.00,4.11,4.21,3.73,3.87,3.99
559,2.22,2.33,2.43,2.58,2.69,2.48,2.61,2.63
560,1.15,1.18,1.22,1.28,1.36,1.14,1.23,1.31
561,1.73,1.77,1.79,1.83,1.88,1.76,1.80,1.85
562,1.46,1.59,1.64,1.71,1.78,1.64,1.75,1.79
563,3.35,3.57,3.73,4.00,4.14,3.90,4.05,4.17
564,0.71,0.74,0.76,0.77,0.78,0.78,0.79,0.80
565,3.49,3.72,3.95,4.23,4.39,4.40,4.52,4.65
566,2.68,2.99,3.40,3.89,4.11,3.93,4.14,4.30
567,3.37,3.65,3.89,4.18,4.36,4.02,4.18,4.31
568,3.99,4.57,5.10,5.70,5.93,4.85,4.99,5.11
569,7.66,8.18,8.60,9.03,9.33,9.49,9.77,10.01
570,10.22,11.00,11.51,12.06,12.45,11.23,11.70,12.15
571,1.21,1.26,1.30,1.34,1.37,1.62,1.65,1.69
572,3.28,3.49,3.57,3.76,3.88,3.77,3.92,4.03
573,2.11,2.21,2.29,2.37,2.43,2.61,2.67,2.73
574,0.49,0.50,0.50,0.51,0.53,0.31,0.32,0.33
575,0.19,0.20,0.20,0.20,0.20,0.04,0.05,0.05
576,0.17,0.17,0.17,0.18,0.18,0.08,0.08,0.08
577,0.47,0.48,0.49,0.50,0.51,0.41,0.43,0.44
578,0.31,0.31,0.32,0.32,0.33,0.17,0.19,0.20
579,0.19,0.20,0.20,0.20,0.20,0.01,0.01,0.01
580,0.37,0.38,0.38,0.39,0.39,0.18,0.18,0.18
581,0.47,0.48,0.49,0.49,0.50,0.30,0.30,0.30
582,3.08,3.17,3.26,3.31,3.40,3.53,3.64,3.77
583,0.55,0.57,0.59,0.61,0.62,0.53,0.54,0.55
584,0.71,0.73,0.75,0.75,0.76,0.60,0.61,0.63
585,1.18,1.22,1.28,1.30,1.34,1.05,1.07,1.11
586,1.01,1.04,1.09,1.10,1.12,1.14,1.15,1.17
587,1.38,1.44,1.51,1.56,1.66,1.37,1.41,1.44
588,3.22,3.42,3.65,3.92,4.13,2.47,2.57,2.67
589,3.35,3.58,3.77,3.92,4.16,2.22,2.40,2.60
590,0.22,0.22,0.23,0.23,0.23,0.02,0.02,0.05
591,1.07,1.11,1.13,1.15,1.19,1.10,1.11,1.12
592,0.98,1.03,1.05,1.06,1.09,1.48,1.50,1.51
593,0.29,0.29,0.29,0.30,0.30,0.18,0.18,0.18
594,0.79,0.82,0.84,0.85,0.88,0.80,0.83,0.84
595,3.13,3.34,3.45,3.51,3.61,4.43,4.54,4.65
596,0.41,0.43,0.44,0.45,0.45,0.40,0.41,0.42
597,0.75,0.78,0.81,0.83,0.86,0.73,0.73,0.74
598,0.95,1.01,1.08,1.12,1.18,1.10,1.13,1.17
599,0.49,0.50,0.52,0.53,0.54,0.79,0.80,0.80
600,0.19,0.19,0.19,0.20,0.20,0.03,0.03,0.03
601,0.23,0.23,0.23,0.24,0.24,0.11,0.11,0.11
602,0.23,0.23,0.24,0.24,0.24,0.03,0.03,0.03
603,0.24,0.24,0.24,0.24,0.24,0.01,0.01,0.01
604,1.36,1.41,1.45,1.47,1.54,1.37,1.44,1.51
605,0.31,0.32,0.33,0.33,0.33,0.14,0.15,0.15
606,0.29,0.29,0.29,0.30,0.30,0.11,0.12,0.13
607,11.45,12.14,12.88,13.06,13.54,13.07,13.57,14.05
608,1.90,2.00,2.12,2.17,2.30,1.67,1.75,1.81
609,6.27,6.69,7.07,7.29,7.73,6.63,6.99,7.29
610,33.81,35.14,36.05,36.33,37.01,40.16,41.73,42.27
611,12.45,13.51,14.33,14.70,15.44,14.63,15.27,15.58
612,6.00,6.49,6.84,7.06,7.47,6.59,6.89,7.19
613,21.23,21.86,22.29,22.50,22.84,25.41,25.87,26.27
614,7.24,8.00,8.83,9.20,9.88,9.09,9.61,10.03
615,5.16,5.50,5.73,5.91,6.28,5.77,6.16,6.60
616,0.13,0.13,0.13,0.13,0.13,0.00,0.00,0.00
617,0.22,0.22,0.23,0.23,0.23,0.12,0.12,0.12
618,0.40,0.42,0.43,0.44,0.44,0.33,0.33,0.33
619,0.38,0.39,0.40,0.40,0.40,0.29,0.30,0.30
620,0.59,0.63,0.68,0.70,0.71,0.52,0.53,0.54
621,0.63,0.69,0.74,0.76,0.79,0.73,0.74,0.74
622,0.32,0.32,0.33,0.35,0.36,0.31,0.31,0.31
623,0.57,0.63,0.68,0.71,0.72,0.57,0.58,0.58
624,0.29,0.30,0.31,0.31,0.31,0.31,0.32,0.32
625,0.42,0.42,0.42,0.42,0.42,0.15,0.15,0.15
626,0.14,0.14,0.15,0.15,0.15,0.01,0.01,0.01
627,0.17,0.17,0.17,0.17,0.17,0.01,0.01,0.01
628,0.21,0.21,0.21,0.21,0.21,0.08,0.08,0.08
629,0.27,0.27,0.29,0.29,0.29,0.16,0.16,0.17
630,0.64,0.67,0.73,0.79,0.82,0.60,0.60,0.62
631,0.84,0.86,0.88,0.90,0.92,0.76,0.78,0.80
632,0.86,0.89,0.95,0.97,1.00,0.66,0.68,0.72
633,0.59,0.62,0.64,0.65,0.67,0.37,0.38,0.39
634,0.90,0.93,0.95,0.96,0.99,0.83,0.86,0.87
635,0.59,0.61,0.62,0.64,0.64,0.39,0.39,0.41
636,0.88,0.91,0.93,0.94,0.98,0.60,0.61,0.66
637,1.58,1.66,1.69,1.76,1.81,1.64,1.68,1.71
638,3.06,3.28,3.40,3.58,3.73,3.34,3.50,3.59
639,6.29,7.17,7.76,8.41,8.84,7.36,7.83,8.04
640,12.94,13.75,14.20,14.97,15.52,15.23,15.83,16.18
641,1.20,1.29,1.46,1.62,1.75,1.00,1.05,1.20
642,1.08,1.15,1.30,1.36,1.45,0.77,0.80,0.84
643,0.35,0.36,0.37,0.39,0.39,0.20,0.21,0.21
644,0.46,0.48,0.49,0.50,0.50,0.37,0.38,0.39
645,7.49,8.03,8.27,8.39,8.58,10.15,10.50,10.73
646,2.73,2.95,3.23,3.36,3.52,3.16,3.40,3.52
647,0.19,0.20,0.20,0.20,0.21,0.14,0.15,0.15
648,2.37,2.82,3.21,3.65,4.06,4.12,4.78,4.98
649,1.08,1.17,1.26,1.34,1.43,1.12,1.24,1.29
650,2.01,2.20,2.34,2.50,2.72,2.39,2.65,2.74
651,3.04,3.45,4.08,4.40,4.64,4.61,4.94,5.10
652,1.04,1.16,1.31,1.45,1.62,1.31,1.50,1.60
653,0.52,0.56,0.60,0.63,0.66,0.55,0.58,0.61
654,5.45,6.11,6.93,7.68,8.35,7.12,7.77,8.10
655,4.78,5.12,5.51,6.06,6.77,4.67,5.38,5.71
656,4.27,4.68,5.04,5.41,5.68,4.54,4.78,4.93
657,6.91,7.91,8.65,9.51,10.20,10.02,10.60,11.05
658,29.12,30.03,30.58,31.03,31.58,27.77,28.53,29.30
659,12.04,12.66,13.16,13.45,13.75,10.08,10.37,10.54
660,33.52,35.07,35.52,35.90,36.36,45.73,46.62,47.41
661,1.05,1.17,1.31,1.40,1.53,1.37,1.50,1.57
662,0.93,1.01,1.07,1.12,1.17,1.03,1.08,1.11
663,1.94,2.08,2.23,2.44,2.64,2.43,2.68,2.79
664,0.58,0.61,0.64,0.66,0.69,0.62,0.65,0.67
665,0.68,0.72,0.75,0.77,0.81,0.73,0.77,0.79
666,0.74,0.79,0.84,0.90,0.98,0.79,0.85,0.90
667,0.94,0.98,1.02,1.07,1.12,1.04,1.08,1.12
668,1.14,1.19,1.23,1.27,1.35,1.30,1.39,1.43
669,0.80,0.86,0.90,0.97,1.04,0.98,1.04,1.09
670,0.51,0.55,0.57,0.58,0.59,0.66,0.67,0.68
671,0.83,0.88,0.94,1.03,1.14,0.88,0.99,1.05
672,1.16,1.23,1.29,1.36,1.43,1.40,1.48,1.53
673,1.59,1.70,1.83,1.96,2.11,1.79,1.98,2.10
674,7.65,8.43,8.95,9.47,9.98,10.08,10.58,10.95
675,1.01,1.08,1.15,1.22,1.29,1.15,1.24,1.27
676,0.72,0.77,0.82,0.85,0.91,0.77,0.83,0.87
677,0.36,0.37,0.38,0.40,0.41,0.26,0.26,0.27
678,0.51,0.55,0.58,0.61,0.65,0.55,0.59,0.61
679,0.58,0.60,0.64,0.68,0.71,0.40,0.40,0.41
680,0.74,0.79,0.83,0.89,0.93,0.50,0.51,0.52
681,0.84,0.88,0.90,0.97,1.00,0.58,0.60,0.61
682,0.54,0.58,0.61,0.64,0.67,0.38,0.41,0.42
683,0.37,0.38,0.39,0.41,0.42,0.20,0.21,0.21
684,2.07,2.19,2.27,2.38,2.50,2.08,2.20,2.28
685,0.55,0.58,0.63,0.69,0.79,0.42,0.50,0.53
686,0.29,0.29,0.32,0.35,0.36,0.17,0.18,0.18
687,2.76,2.93,3.11,3.31,3.52,3.03,3.29,3.47
688,0.42,0.44,0.48,0.51,0.53,0.25,0.26,0.26
689,0.67,0.70,0.73,0.77,0.80,0.57,0.60,0.62
690,0.49,0.49,0.50,0.51,0.53,0.21,0.21,0.21
691,3.55,3.91,4.16,4.50,4.86,4.66,4.93,5.18
692,1.73,1.90,2.00,2.13,2.25,2.09,2.19,2.26
693,0.53,0.56,0.58,0.61,0.63,0.37,0.39,0.41
694,0.59,0.62,0.64,0.67,0.68,0.56,0.58,0.59
695,7.69,8.42,8.83,9.13,9.55,9.46,9.78,10.31
696,3.04,3.30,3.50,3.73,3.99,3.70,4.02,4.18
697,2.01,2.19,2.33,2.49,2.73,2.39,2.67,2.79
698,0.83,0.92,1.00,1.11,1.27,0.81,1.02,1.08
699,0.96,1.03,1.06,1.12,1.18,1.00,1.06,1.09
700,2.33,2.47,2.69,2.86,3.06,1.84,1.93,2.18
701,2.95,3.17,3.37,3.51,3.83,2.72,2.89,3.18
702,2.58,2.82,3.00,3.17,3.33,3.11,3.23,3.39
703,0.75,0.78,0.81,0.82,0.86,0.32,0.33,0.34
704,1.17,1.22,1.26,1.34,1.40,1.45,1.50,1.53
705,1.52,1.73,1.84,1.95,2.03,1.99,2.09,2.14
706,0.56,0.58,0.58,0.61,0.63,0.49,0.50,0.50
707,1.23,1.31,1.36,1.44,1.53,1.56,1.65,1.67
708,0.54,0.56,0.58,0.60,0.64,0.50,0.54,0.55
709,1.06,1.16,1.23,1.34,1.45,1.02,1.16,1.22
710,0.70,0.76,0.80,0.84,0.86,0.73,0.76,0.77
711,0.96,1.03,1.09,1.15,1.18,1.00,1.04,1.08
712,1.36,1.48,1.53,1.60,1.66,1.80,1.84,1.85
713,0.83,0.88,0.91,0.94,0.97,1.25,1.27,1.28
714,1.03,1.06,1.07,1.11,1.13,1.15,1.17,1.18
715,0.27,0.28,0.29,0.31,0.32,0.19,0.20,0.21
716,0.58,0.59,0.60,0.61,0.64,0.36,0.39,0.40
717,2.04,2.19,2.44,2.63,2.75,2.23,2.44,2.52
718,0.55,0.55,0.57,0.59,0.61,0.65,0.66,0.67
719,0.55,0.55,0.55,0.56,0.56,0.23,0.23,0.23
720,0.69,0.72,0.75,0.78,0.80,0.39,0.40,0.41
721,2.23,2.38,2.50,2.70,2.97,3.20,3.33,3.47
722,0.27,0.29,0.31,0.33,0.34,0.16,0.16,0.16
723,0.58,0.59,0.61,0.64,0.64,0.37,0.38,0.38
724,0.38,0.40,0.43,0.44,0.44,0.23,0.24,0.25
725,0.99,1.09,1.19,1.23,1.28,1.35,1.38,1.41
726,0.60,0.64,0.71,0.77,0.82,0.67,0.72,0.77
727,0.29,0.29,0.30,0.30,0.30,0.09,0.09,0.09
728,0.39,0.40,0.41,0.42,0.43,0.13,0.14,0.14
729,0.23,0.23,0.23,0.24,0.24,0.10,0.10,0.10
730,0.16,0.16,0.16,0.16,0.16,0.03,0.03,0.03
731,0.38,0.39,0.41,0.42,0.43,0.28,0.29,0.29
732,3.75,4.24,4.68,4.82,5.07,5.42,5.79,6.02
733,3.84,4.14,4.31,4.39,4.57,4.67,5.08,5.32
734,0.95,1.08,1.26,1.44,1.63,1.26,1.49,1.56
735,0.28,0.28,0.30,0.31,0.31,0.23,0.23,0.23
736,0.48,0.51,0.56,0.63,0.67,0.59,0.61,0.62
737,1.13,1.25,1.37,1.44,1.51,1.37,1.51,1.56
738,0.34,0.36,0.39,0.41,0.42,0.28,0.29,0.30
739,0.25,0.26,0.27,0.29,0.30,0.20,0.20,0.21
740,0.42,0.43,0.52,0.56,0.59,0.30,0.32,0.32
741,1.37,1.52,1.66,1.75,1.81,1.77,1.98,2.07
742,0.30,0.31,0.32,0.33,0.33,0.20,0.21,0.21
743,0.91,0.98,1.13,1.26,1.32,0.79,0.85,0.87
744,7.25,8.32,9.02,9.56,9.96,10.03,10.70,10.92
745,0.31,0.32,0.33,0.33,0.34,0.20,0.20,0.20
746,1.67,1.81,1.93,2.01,2.06,1.86,1.93,1.96
747,7.01,7.42,7.62,7.72,7.95,6.33,6.48,6.54
748,8.15,9.13,9.73,10.03,10.37,9.66,9.90,10.03
749,12.92,14.64,16.31,17.37,18.44,16.71,17.74,18.12
750,4.50,4.90,5.33,5.53,5.70,4.37,4.49,4.53
751,42.91,43.16,43.33,43.44,43.75,53.49,54.20,54.52
752,43.87,47.20,48.64,49.08,49.68,53.83,54.43,54.69
753,9.38,11.80,13.96,15.32,16.99,15.41,17.28,17.66
754,6.25,7.11,7.92,8.78,9.46,9.46,10.00,10.28
755,9.24,10.46,11.10,11.66,12.00,12.75,13.02,13.22
756,7.21,7.73,8.04,8.18,8.31,5.58,5.65,5.72
757,0.26,0.26,0.27,0.28,0.29,0.17,0.17,0.17
758,0.24,0.24,0.24,0.25,0.25,0.07,0.07,0.07
759,1.07,1.13,1.15,1.18,1.21,1.04,1.09,1.12
760,2.38,2.51,2.58,2.65,2.76,2.60,2.73,2.82
761,3.25,3.43,3.52,3.63,3.79,3.55,3.72,3.84
762,0.92,0.94,0.96,0.99,1.02,1.27,1.31,1.32
763,1.29,1.34,1.37,1.42,1.47,1.33,1.39,1.41
764,1.19,1.24,1.26,1.30,1.34,1.48,1.53,1.57
765,0.50,0.50,0.51,0.52,0.52,0.83,0.84,0.84
766,0.75,0.77,0.78,0.80,0.83,1.33,1.35,1.35
767,0.54,0.55,0.56,0.57,0.58,0.40,0.41,0.42
768,1.31,1.36,1.42,1.49,1.57,1.33,1.41,1.49
769,0.60,0.63,0.65,0.68,0.70,0.49,0.51,0.53
770,2.85,2.97,3.09,3.30,3.49,3.30,3.56,3.64
771,1.43,1.50,1.56,1.71,1.92,1.53,1.74,1.89
772,0.66,0.69,0.71,0.75,0.78,0.57,0.61,0.63
773,1.52,1.61,1.69,1.83,1.97,1.82,1.97,2.06
774,2.07,2.19,2.34,2.52,2.68,2.23,2.45,2.57
775,1.97,2.15,2.43,2.90,3.50,3.07,3.71,4.05
776,1.15,1.19,1.22,1.28,1.34,1.11,1.20,1.23
777,0.74,0.75,0.76,0.78,0.79,0.64,0.65,0.66
778,3.35,3.58,3.85,4.13,4.49,4.03,4.43,4.54
779,0.62,0.65,0.67,0.69,0.71,0.85,0.85,0.86
780,0.74,0.76,0.79,0.81,0.82,0.95,0.96,0.96
781,1.63,1.68,1.73,1.78,1.86,1.97,2.06,2.15
782,1.31,1.35,1.38,1.40,1.44,1.36,1.38,1.42
783,1.03,1.06,1.11,1.14,1.19,1.07,1.12,1.16
784,1.79,1.87,1.92,1.98,2.06,2.31,2.37,2.46
785,4.77,5.00,5.26,5.38,5.92,5.57,5.93,6.34
786,2.78,3.02,3.28,3.42,3.57,3.45,3.58,3.71
787,0.50,0.50,0.51,0.54,0.55,0.31,0.31,0.31
788,0.40,0.41,0.41,0.42,0.43,0.27,0.28,0.28
789,1.41,1.46,1.49,1.51,1.53,1.67,1.70,1.71
790,1.37,1.44,1.50,1.54,1.59,1.76,1.79,1.83
791,0.78,0.79,0.80,0.81,0.83,1.02,1.02,1.04
792,1.23,1.38,1.49,1.59,1.67,2.10,2.15,2.19
793,1.14,1.19,1.21,1.22,1.24,1.58,1.60,1.62
794,0.62,0.65,0.69,0.70,0.73,0.58,0.63,0.67
795,0.54,0.56,0.58,0.59,0.60,0.46,0.50,0.52
796,0.84,0.89,0.92,0.94,0.98,0.93,0.98,1.02
797,0.60,0.64,0.69,0.71,0.77,0.53,0.61,0.65
798,0.87,0.93,1.01,1.05,1.11,0.79,0.88,0.93
799,0.34,0.36,0.37,0.38,0.38,0.25,0.25,0.26
800,0.57,0.61,0.63,0.64,0.65,0.53,0.56,0.58
801,0.93,1.00,1.11,1.13,1.20,0.91,1.01,1.09
802,0.98,1.04,1.11,1.13,1.17,0.86,0.95,1.00
803,0.57,0.61,0.62,0.62,0.63,0.46,0.48,0.49
804,3.68,4.04,4.42,4.52,4.70,4.72,4.93,5.04
805,0.25,0.26,0.26,0.26,0.26,0.20,0.20,0.20
806,0.79,0.85,0.89,0.91,0.93,0.94,0.96,0.98
807,0.55,0.61,0.71,0.74,0.81,0.85,0.92,0.94
808,0.65,0.77,0.88,0.90,0.96,0.90,0.96,1.00
809,0.85,0.95,1.04,1.10,1.17,0.91,0.99,1.03
810,1.75,1.96,2.26,2.45,2.70,2.38,2.64,2.76
811,0.61,0.65,0.69,0.71,0.73,0.59,0.60,0.61
812,4.78,5.48,6.58,7.00,7.56,6.43,7.25,7.55
813,1.54,1.73,1.99,2.16,2.31,1.95,2.10,2.24
814,3.71,4.55,5.62,6.15,6.63,5.73,6.20,6.59
815,2.86,3.47,4.45,4.99,5.56,4.64,5.03,5.53
816,1.67,2.04,2.63,2.97,3.27,2.67,2.98,3.24
817,0.48,0.49,0.51,0.54,0.55,0.59,0.60,0.61
818,1.98,2.16,2.43,2.64,2.92,2.41,2.72,2.90
819,0.12,0.12,0.12,0.12,0.12,0.07,0.07,0.07
820,1.03,1.07,1.10,1.15,1.20,1.48,1.51,1.53
821,0.42,0.45,0.51,0.56,0.59,0.41,0.44,0.47
822,1.82,2.01,2.28,2.50,2.77,2.34,2.69,2.87
823,4.85,5.36,6.14,6.81,7.27,7.89,8.67,9.12
824,0.89,0.98,1.13,1.15,1.17,1.36,1.49,1.53
825,0.33,0.41,0.52,0.63,0.72,0.50,0.60,0.64
826,0.59,0.89,1.34,1.78,2.06,1.60,1.87,2.08
827,18.69,22.21,25.67,27.30,28.60,26.74,28.32,29.25
828,1.37,1.54,1.63,1.69,1.73,1.76,1.81,1.86
829,0.73,0.74,0.75,0.76,0.77,0.71,0.71,0.71
830,0.38,0.38,0.39,0.39,0.39,0.25,0.25,0.25
831,0.25,0.25,0.25,0.25,0.25,0.05,0.05,0.05
832,0.15,0.15,0.15,0.15,0.15,0.23,0.23,0.23
833,0.29,0.29,0.30,0.30,0.30,0.88,0.88,0.88
834,0.81,0.81,0.81,0.83,0.84,1.96,1.96,1.96
835,0.53,0.53,0.53,0.54,0.54,0.39,0.39,0.39
836,1.11,1.12,1.14,1.15,1.20,1.67,1.71,1.72
837,0.06,0.06,0.06,0.06,0.06,0.01,0.01,0.01
838,5.82,6.28,6.55,6.94,7.39,7.20,7.71,7.88
839,0.72,0.78,0.80,0.85,0.88,0.86,0.89,0.90
840,1.39,1.45,1.48,1.54,1.59,1.70,1.75,1.78
841,0.22,0.23,0.23,0.23,0.23,0.20,0.20,0.21
842,0.38,0.38,0.39,0.39,0.40,0.35,0.36,0.36
843,0.19,0.19,0.19,0.19,0.19,0.12,0.12,0.12
844,0.36,0.36,0.36,0.37,0.37,0.39,0.40,0.40
845,0.24,0.24,0.24,0.24,0.24,0.16,0.16,0.16
846,0.27,0.27,0.28,0.29,0.29,0.14,0.15,0.15
847,0.21,0.21,0.21,0.21,0.21,0.06,0.06,0.06
848,0.28,0.28,0.29,0.29,0.30,0.20,0.21,0.21
849,0.21,0.21,0.21,0.22,0.22,0.08,0.08,0.08
850,0.17,0.17,0.17,0.18,0.18,0.02,0.02,0.02
851,0.24,0.24,0.24,0.24,0.24,0.14,0.14,0.14
852,0.20,0.20,0.20,0.20,0.20,0.00,0.00,0.00
853,0.29,0.29,0.29,0.29,0.29,0.28,0.28,0.28
854,0.18,0.18,0.19,0.19,0.20,0.10,0.11,0.11
855,0.16,0.16,0.16,0.16,0.16,0.07,0.07,0.07
856,0.26,0.28,0.30,0.33,0.35,0.28,0.31,0.33
857,0.18,0.18,0.18,0.18,0.18,0.09,0.09,0.10
858,0.09,0.09,0.09,0.09,0.09,0.02,0.02,0.02
859,0.10,0.11,0.11,0.11,0.11,0.07,0.07,0.07
860,0.17,0.17,0.17,0.18,0.18,0.13,0.13,0.13
861,5.42,6.11,6.79,7.32,7.94,6.67,7.57,7.92
862,2.24,2.47,2.69,2.85,2.98,3.58,3.77,3.86
863,0.63,0.64,0.65,0.66,0.68,0.87,0.89,0.90
864,2.86,3.13,3.38,3.61,3.93,3.30,3.58,3.85
865,3.34,3.75,4.03,4.16,4.38,4.49,4.85,5.01
866,0.26,0.27,0.27,0.28,0.29,0.09,0.09,0.09
867,2.38,2.75,3.04,3.25,3.46,3.11,3.38,3.52
868,1.68,2.02,2.26,2.55,3.47,2.85,3.97,4.28
869,1.56,1.67,1.80,1.94,2.12,1.78,1.98,2.04
870,4.20,4.65,4.93,5.29,5.60,4.63,5.09,5.27
871,15.50,16.94,17.79,18.47,20.19,17.67,19.52,20.30
872,1.07,1.12,1.19,1.29,1.45,1.21,1.35,1.42
873,5.59,6.16,6.58,6.96,7.54,6.93,7.51,7.97
874,2.71,3.01,3.39,3.89,4.74,4.03,4.75,5.10
875,3.17,3.38,3.56,3.74,4.10,3.65,3.93,4.24
876,1.39,1.42,1.46,1.49,1.51,1.52,1.54,1.55
877,1.46,1.53,1.61,1.67,1.74,2.21,2.24,2.29
878,1.88,1.97,2.04,2.11,2.24,2.12,2.18,2.27
879,2.95,3.21,3.56,3.92,4.40,4.16,4.56,4.85
880,0.84,0.87,0.89,0.94,0.95,1.02,1.04,1.06
881,0.84,0.86,0.87,0.89,0.89,1.04,1.04,1.04
882,0.14,0.15,0.15,0.15,0.15,0.13,0.13,0.13
883,0.23,0.24,0.24,0.25,0.25,0.15,0.16,0.16
884,0.18,0.18,0.18,0.18,0.18,0.08,0.08,0.08
885,0.32,0.32,0.33,0.33,0.33,0.45,0.45,0.45
886,0.33,0.33,0.34,0.34,0.35,0.41,0.41,0.41
887,0.14,0.14,0.14,0.14,0.14,0.08,0.08,0.08
888,0.22,0.22,0.22,0.22,0.22,0.12,0.12,0.12
889,0.28,0.29,0.30,0.30,0.30,0.32,0.33,0.33
890,0.39,0.40,0.41,0.42,0.43,0.34,0.35,0.36
891,0.17,0.17,0.17,0.17,0.17,0.06,0.06,0.06
892,0.09,0.09,0.09,0.09,0.09,0.18,0.18,0.18
893,0.23,0.23,0.24,0.24,0.24,0.30,0.30,0.30
894,0.21,0.21,0.21,0.22,0.22,0.08,0.08,0.08
895,0.48,0.50,0.51,0.52,0.55,0.33,0.35,0.37
896,0.32,0.32,0.32,0.33,0.33,0.13,0.13,0.13
897,0.49,0.49,0.51,0.55,0.56,0.44,0.45,0.45
898,0.37,0.38,0.38,0.38,0.38,0.08,0.08,0.08
899,4.40,5.30,6.57,7.26,7.85,9.48,10.00,10.46
900,1.93,2.04,2.16,2.31,2.63,2.72,3.00,3.15
901,1.45,1.62,2.00,2.24,2.40,2.53,2.68,2.81
902,0.28,0.28,0.28,0.28,0.28,0.13,0.13,0.13
903,0.27,0.27,0.27,0.27,0.29,0.10,0.11,0.12
904,0.38,0.40,0.41,0.44,0.47,0.38,0.41,0.43
905,0.30,0.34,0.37,0.46,0.51,0.35,0.38,0.41
906,0.91,1.04,1.19,1.44,1.65,1.29,1.47,1.59
907,0.33,0.33,0.33,0.33,0.33,0.29,0.29,0.29
908,5.94,7.69,10.30,12.07,14.62,11.46,13.60,15.17
909,1.70,2.02,2.27,2.44,3.09,2.62,3.04,3.48
910,1.20,1.23,1.25,1.26,1.29,1.84,1.87,1.91
911,0.30,0.30,0.31,0.31,0.32,0.22,0.23,0.23
912,0.21,0.21,0.22,0.22,0.23,0.23,0.24,0.24
913,0.35,0.36,0.36,0.37,0.37,0.32,0.33,0.33
914,1.23,1.30,1.33,1.37,1.42,1.59,1.62,1.65
915,1.60,1.70,1.79,1.89,2.01,2.04,2.13,2.17
916,0.26,0.27,0.28,0.31,0.33,1.24,1.26,1.28
917,1.95,2.06,2.12,2.18,2.29,2.30,2.39,2.46
918,9.08,9.55,9.80,10.12,10.44,10.49,10.91,11.19
919,1.69,1.81,1.90,1.96,2.05,2.12,2.19,2.25
920,2.62,2.77,2.87,2.96,3.09,2.82,2.93,3.07
921,0.70,0.72,0.76,0.80,0.86,0.83,0.88,0.93
922,0.74,0.76,0.80,0.84,0.88,0.66,0.72,0.78
923,1.69,1.74,1.78,1.82,1.88,1.74,1.82,1.88
924,10.79,12.12,13.00,13.49,14.18,13.60,14.15,14.49
925,4.20,4.90,5.48,5.86,6.34,5.13,5.67,5.95
926,12.68,13.58,13.99,14.23,14.55,18.97,19.46,19.69
927,9.52,10.51,11.33,12.01,12.78,11.23,12.12,12.67
928,8.81,9.48,9.89,10.03,10.25,10.01,10.19,10.33
929,10.51,11.80,12.69,13.28,14.13,14.11,14.99,15.37
930,7.20,8.13,9.07,9.48,10.22,6.81,7.47,7.76
931,48.28,49.98,50.87,51.24,51.95,53.80,54.89,55.44
932,26.87,30.45,33.75,35.54,37.22,38.59,39.67,40.12
933,10.30,12.84,15.55,16.94,18.44,15.32,16.46,16.99
934,1.15,1.30,1.54,1.69,1.79,1.17,1.21,1.23
935,0.55,0.55,0.56,0.57,0.57,0.50,0.50,0.50
936,0.20,0.20,0.20,0.20,0.20,0.03,0.03,0.03
937,0.77,0.79,0.81,0.85,0.89,0.83,0.84,0.84
938,16.34,18.51,21.42,22.75,25.36,21.00,23.97,26.00
939,2.62,2.98,3.77,4.21,5.14,3.06,3.95,4.37
940,0.64,0.74,0.91,1.03,1.16,0.67,0.75,0.80
941,0.21,0.21,0.21,0.21,0.21,0.03,0.03,0.03
942,0.17,0.17,0.17,0.17,0.17,0.01,0.01,0.01
943,0.54,0.56,0.65,0.70,0.76,0.49,0.52,0.54
944,0.16,0.16,0.16,0.16,0.17,0.03,0.03,0.03
945,0.53,0.55,0.57,0.59,0.61,0.33,0.35,0.35
946,1.16,1.25,1.39,1.47,1.52,1.06,1.07,1.08
947,0.53,0.56,0.57,0.58,0.59,0.26,0.27,0.27
948,0.70,0.70,0.70,0.70,0.70,1.54,1.54,1.54
949,0.57,0.57,0.57,0.57,0.58,0.96,0.96,0.96
950,0.62,0.64,0.65,0.66,0.67,1.18,1.19,1.19
951,0.57,0.62,0.66,0.73,0.82,0.68,0.73,0.76
952,0.29,0.30,0.30,0.30,0.31,0.28,0.28,0.28
953,0.57,0.64,0.66,0.69,0.70,0.73,0.74,0.75
954,0.79,0.83,0.85,0.86,0.90,0.98,1.00,1.03
955,0.26,0.26,0.26,0.26,0.26,0.14,0.14,0.14
956,0.31,0.31,0.32,0.32,0.32,0.25,0.25,0.25
957,0.28,0.28,0.28,0.28,0.29,0.16,0.17,0.17
958,0.83,0.85,0.87,0.89,0.90,1.60,1.61,1.63
959,0.49,0.50,0.51,0.52,0.53,0.45,0.46,0.47
960,0.23,0.23,0.23,0.23,0.23,0.08,0.08,0.08
961,0.09,0.09,0.09,0.09,0.09,0.02,0.02,0.02
962,0.25,0.25,0.25,0.25,0.25,0.08,0.08,0.08
963,0.24,0.25,0.25,0.25,0.25,0.14,0.14,0.14
964,0.25,0.25,0.25,0.25,0.25,0.17,0.17,0.17
965,0.23,0.23,0.23,0.23,0.23,0.09,0.09,0.09
966,0.25,0.25,0.25,0.25,0.25,0.28,0.28,0.28
967,0.24,0.24,0.24,0.24,0.24,0.39,0.39,0.39
