uniqid_eco4,NLCD11_11_eco4,NLCD11_12_eco4,NLCD11_21_eco4,NLCD11_22_eco4,NLCD11_23_eco4,NLCD11_24_eco4,NLCD11_31_eco4,NLCD11_41_eco4,NLCD11_42_eco4,NLCD11_43_eco4,NLCD11_52_eco4,NLCD11_71_eco4,NLCD11_81_eco4,NLCD11_82_eco4,NLCD11_90_eco4,NLCD11_95_eco4,NLCD11_9999_eco4
1,3.74,0.00,2.32,0.99,0.48,0.11,0.10,0.06,6.20,0.01,64.66,5.12,2.21,11.58,0.18,2.23,0.00
2,0.02,0.00,2.84,0.27,0.08,0.01,0.00,0.01,0.18,0.01,17.82,1.04,0.14,77.38,0.04,0.17,0.00
3,0.06,0.00,2.28,0.22,0.08,0.01,0.04,0.02,0.28,0.02,55.65,2.70,1.40,36.90,0.07,0.26,0.00
4,1.12,0.00,2.35,0.34,0.04,0.01,0.02,0.03,0.36,0.00,56.47,2.79,1.55,34.40,0.03,0.50,0.00
5,4.50,0.00,3.98,2.69,1.32,0.18,0.01,0.07,0.06,0.01,35.96,2.78,3.85,42.74,0.80,1.04,0.00
6,1.32,0.00,2.89,0.93,0.31,0.04,0.00,0.19,2.45,0.06,15.33,29.26,0.83,46.16,0.09,0.14,0.00
7,0.07,0.00,1.56,0.57,0.17,0.03,0.03,0.11,1.87,0.02,65.73,6.40,2.16,20.99,0.17,0.12,0.00
8,0.00,0.00,3.67,0.72,0.28,0.04,0.00,0.11,3.62,0.01,2.43,1.24,0.06,87.56,0.05,0.21,0.00
9,0.01,0.00,3.74,0.49,0.09,0.02,0.01,0.03,5.35,0.10,5.81,5.85,0.30,77.58,0.04,0.60,0.00
10,0.02,0.00,3.05,0.28,0.05,0.01,0.03,0.02,10.76,0.00,2.90,14.67,0.11,68.06,0.02,0.03,0.00
11,1.25,0.00,0.44,0.04,0.01,0.00,1.38,0.02,1.18,0.01,93.13,1.12,0.23,0.91,0.07,0.21,0.00
12,4.32,0.00,1.62,0.83,0.52,0.11,0.05,0.12,4.33,0.04,24.99,54.28,0.24,8.29,0.13,0.13,0.00
13,3.13,0.00,2.65,1.57,0.44,0.08,0.13,0.10,6.00,0.01,65.24,11.65,6.22,1.61,0.47,0.68,0.02
14,0.00,0.00,0.63,0.08,0.02,0.00,0.00,0.01,7.88,0.00,74.34,10.47,1.14,4.86,0.31,0.26,0.00
15,0.25,0.00,0.77,0.12,0.01,0.00,0.06,0.00,7.26,0.00,88.21,1.02,0.85,0.34,0.14,0.97,0.00
16,0.02,0.00,0.24,0.00,0.00,0.00,0.00,0.00,67.03,0.00,31.37,0.72,0.14,0.06,0.07,0.33,0.00
17,0.02,0.00,0.72,0.13,0.02,0.00,0.00,0.00,60.83,0.00,30.29,6.03,0.04,1.56,0.09,0.25,0.00
18,0.19,0.00,0.40,0.04,0.00,0.00,0.00,0.00,72.57,0.00,24.48,1.82,0.03,0.01,0.02,0.42,0.00
19,0.36,0.00,0.28,0.05,0.00,0.00,0.04,0.00,77.75,0.04,13.70,7.46,0.00,0.27,0.00,0.04,0.00
20,0.09,0.00,0.53,0.09,0.00,0.00,0.00,0.00,70.44,0.02,15.35,12.97,0.11,0.34,0.03,0.03,0.00
21,0.74,0.00,0.24,0.11,0.03,0.00,0.02,0.01,30.10,0.00,24.69,42.50,0.15,1.24,0.13,0.04,0.00
22,0.01,0.00,0.21,0.00,0.00,0.00,0.00,0.00,71.95,0.00,26.49,0.79,0.00,0.00,0.03,0.51,0.00
23,0.57,0.00,0.60,0.09,0.02,0.00,0.02,0.00,6.97,0.00,83.64,4.99,1.02,1.59,0.14,0.34,0.00
24,0.22,0.00,2.81,1.21,0.29,0.03,0.05,0.00,5.30,0.00,22.34,27.10,0.40,39.90,0.11,0.24,0.00
25,0.04,0.00,0.39,0.09,0.00,0.00,0.13,0.01,83.83,0.00,11.31,3.90,0.03,0.11,0.00,0.15,0.00
26,0.33,0.03,0.05,0.01,0.00,0.00,12.18,0.00,56.32,0.00,17.84,13.16,0.00,0.00,0.00,0.07,0.00
27,0.55,0.00,4.07,2.70,0.48,0.08,0.16,0.00,2.06,0.00,74.02,1.60,0.08,13.81,0.36,0.02,0.00
28,0.78,0.00,1.61,0.07,0.01,0.00,0.00,0.00,11.56,0.00,69.24,1.55,0.73,0.07,2.20,12.18,0.00
29,2.59,0.00,8.75,4.69,1.43,0.22,0.01,0.00,0.01,0.00,5.30,12.43,10.27,53.64,0.23,0.41,0.00
30,0.00,0.00,0.33,0.10,0.03,0.00,69.16,0.00,0.07,0.00,26.87,1.12,0.06,2.22,0.02,0.01,0.00
31,0.93,0.00,2.44,1.23,0.25,0.04,0.32,0.00,0.64,0.00,28.13,46.80,5.70,6.50,3.53,3.48,0.00
32,0.43,0.00,3.30,0.32,0.04,0.01,0.00,1.15,3.13,0.09,17.20,9.07,1.51,60.44,2.15,1.16,0.00
33,6.81,0.00,6.12,2.95,1.36,0.23,0.09,0.00,0.01,0.00,3.92,1.39,5.54,64.41,6.79,0.39,0.00
34,0.59,0.00,0.44,0.15,0.03,0.00,0.02,0.16,3.85,0.00,74.74,14.98,1.56,2.97,0.21,0.29,0.00
35,0.42,0.00,1.64,0.20,0.05,0.01,0.83,0.02,0.58,0.00,64.06,15.16,2.08,14.47,0.09,0.39,0.00
36,0.41,0.00,1.78,0.47,0.28,0.07,0.01,0.00,0.02,0.00,39.24,47.32,2.75,7.56,0.04,0.03,0.00
37,1.00,0.00,5.91,2.03,0.72,0.16,0.02,0.00,0.01,0.00,4.96,5.91,15.98,63.16,0.11,0.02,0.00
38,0.61,0.00,1.27,0.23,0.04,0.00,0.03,0.00,0.10,0.00,42.02,46.64,2.45,6.47,0.07,0.07,0.00
39,22.11,0.00,0.10,0.12,0.07,0.04,62.90,0.00,0.00,0.00,13.18,0.12,0.34,0.01,0.02,0.97,0.00
40,0.95,0.00,1.74,2.90,2.09,0.83,0.18,0.03,1.64,0.00,76.55,6.89,3.48,1.19,0.45,1.09,0.00
41,0.03,0.00,2.75,0.55,0.08,0.03,0.00,0.02,1.90,0.00,30.55,48.37,7.31,1.31,0.00,7.10,0.00
42,0.27,0.00,2.48,0.73,0.07,0.00,2.55,0.04,0.42,0.01,81.81,1.48,3.16,2.57,0.48,3.94,0.00
43,22.79,0.00,0.38,0.37,0.03,0.00,1.15,0.01,0.28,0.00,72.07,2.22,0.23,0.00,0.35,0.12,0.00
44,0.07,0.00,0.79,0.06,0.01,0.00,0.30,0.00,0.49,0.00,93.06,4.18,0.59,0.10,0.14,0.21,0.00
45,0.18,0.00,0.47,0.29,0.11,0.06,4.62,0.00,0.04,0.00,80.11,10.66,2.31,0.69,0.09,0.37,0.00
46,0.86,0.00,0.99,0.63,0.29,0.05,0.52,0.06,3.23,0.00,73.79,12.37,5.25,1.67,0.12,0.17,0.00
47,0.01,0.00,0.25,0.12,0.05,0.00,0.17,0.99,53.02,0.04,42.83,2.23,0.16,0.00,0.12,0.01,0.00
48,0.00,0.07,0.01,0.00,0.00,0.00,3.60,2.55,61.61,1.37,22.30,8.48,0.00,0.00,0.02,0.00,0.00
49,9.87,0.00,10.71,20.78,17.09,6.74,0.14,0.26,0.32,0.00,4.56,1.20,15.70,9.09,1.52,2.02,0.00
50,15.34,0.00,0.30,0.26,0.05,0.02,28.94,0.00,0.04,0.00,21.55,0.38,4.06,1.16,0.44,27.45,0.00
51,7.17,0.00,0.25,0.18,0.01,0.00,51.63,0.00,0.00,0.00,39.18,0.41,0.47,0.14,0.15,0.40,0.00
52,0.70,0.00,5.44,2.57,0.89,0.35,0.25,0.55,0.42,0.00,11.77,6.58,22.82,44.00,1.01,2.65,0.00
53,0.89,0.00,0.68,0.52,0.11,0.02,5.93,0.00,0.00,0.00,85.76,2.02,1.42,1.69,0.55,0.40,0.00
54,0.09,0.00,0.11,0.01,0.00,0.00,0.53,0.01,1.24,0.00,85.99,11.59,0.23,0.07,0.13,0.01,0.00
55,0.00,0.00,0.02,0.00,0.00,0.00,0.23,0.33,23.47,0.01,69.46,6.28,0.01,0.00,0.19,0.00,0.00
56,0.19,0.00,0.93,0.18,0.03,0.00,0.47,0.05,0.31,0.00,83.27,10.10,2.45,0.15,1.78,0.07,0.00
57,0.01,0.00,0.39,0.07,0.00,0.00,0.04,23.51,6.05,0.09,57.39,5.96,3.93,0.00,1.20,1.37,0.00
58,0.30,0.00,0.04,0.00,0.00,0.00,1.86,12.80,13.96,1.11,42.51,26.99,0.00,0.00,0.40,0.01,0.00
59,0.01,0.00,0.43,0.13,0.03,0.00,0.12,0.01,4.12,0.00,89.96,3.22,1.53,0.08,0.10,0.26,0.00
60,0.01,0.00,0.11,0.03,0.01,0.00,0.19,0.21,61.68,0.01,34.04,3.67,0.01,0.00,0.03,0.00,0.00
61,0.01,0.00,0.22,0.02,0.00,0.00,0.13,0.00,3.05,0.00,91.16,4.71,0.38,0.02,0.26,0.02,0.00
62,0.00,0.00,0.06,0.00,0.00,0.00,0.01,0.07,63.06,0.01,33.17,3.48,0.01,0.00,0.12,0.00,0.00
63,0.00,0.00,0.03,0.00,0.00,0.00,0.07,2.66,38.87,0.53,54.90,2.81,0.00,0.00,0.13,0.00,0.00
64,0.02,0.00,0.36,0.15,0.01,0.00,1.11,0.00,0.01,0.00,96.90,0.80,0.39,0.22,0.01,0.02,0.00
65,0.00,0.00,0.12,0.01,0.00,0.00,0.13,0.00,2.56,0.00,95.26,1.90,0.00,0.00,0.01,0.00,0.00
66,0.00,0.00,0.09,0.01,0.00,0.00,0.01,0.00,55.01,0.00,35.63,9.23,0.00,0.00,0.01,0.00,0.00
67,0.02,0.00,0.22,0.08,0.01,0.00,0.21,0.11,35.64,0.01,60.49,3.05,0.02,0.00,0.07,0.08,0.00
68,0.02,0.00,0.05,0.00,0.00,0.00,1.78,0.54,27.02,0.30,55.80,14.43,0.00,0.00,0.04,0.02,0.00
69,0.04,0.00,1.04,0.33,0.06,0.00,1.83,0.00,0.00,0.00,76.12,11.74,4.22,1.42,3.18,0.03,0.00
70,0.03,0.00,1.32,1.16,1.18,0.46,6.89,0.00,0.04,0.01,85.55,3.17,0.04,0.09,0.05,0.02,0.00
71,0.03,0.00,0.17,0.09,0.01,0.00,1.43,0.00,0.79,0.01,94.97,2.46,0.02,0.00,0.02,0.00,0.00
72,0.00,0.00,0.06,0.07,0.01,0.00,0.13,0.06,47.69,0.27,49.17,2.53,0.00,0.00,0.00,0.00,0.00
73,0.00,0.00,0.00,0.00,0.00,0.00,0.24,0.66,78.52,3.11,15.92,1.55,0.00,0.00,0.00,0.00,0.00
74,8.19,0.00,0.82,1.13,0.50,0.10,4.24,0.00,0.01,0.01,80.76,0.19,0.58,0.94,1.74,0.79,0.00
75,2.15,0.00,0.40,0.37,0.05,0.01,70.52,0.02,0.00,0.00,25.93,0.13,0.04,0.09,0.14,0.15,0.00
76,0.02,0.00,0.79,1.18,0.16,0.02,5.51,0.00,0.01,0.00,91.49,0.19,0.21,0.25,0.17,0.01,0.00
77,0.00,0.00,0.30,0.24,0.02,0.00,22.70,0.00,0.00,0.00,76.66,0.01,0.02,0.03,0.00,0.01,0.00
78,0.00,0.00,0.23,0.35,0.08,0.01,41.97,0.00,0.00,0.00,57.20,0.11,0.00,0.00,0.04,0.00,0.00
79,0.12,0.00,3.26,1.75,0.89,0.15,7.94,0.00,0.03,0.01,79.64,3.94,1.20,0.90,0.13,0.05,0.00
80,0.00,0.00,0.34,0.08,0.01,0.00,1.70,0.00,0.09,0.00,97.48,0.28,0.00,0.00,0.00,0.00,0.00
81,0.00,0.00,0.00,0.00,0.00,0.00,0.05,0.00,25.62,0.11,73.13,1.07,0.00,0.00,0.00,0.00,0.00
82,0.00,0.00,0.00,0.00,0.00,0.00,0.09,0.20,76.26,1.82,20.40,1.24,0.00,0.00,0.00,0.00,0.00
83,0.00,0.00,0.18,0.19,0.03,0.00,29.13,0.00,0.05,0.00,70.33,0.09,0.00,0.00,0.00,0.00,0.00
84,0.00,0.00,0.12,0.03,0.00,0.00,72.99,0.00,0.00,0.00,26.79,0.04,0.00,0.00,0.02,0.01,0.00
85,0.63,0.00,0.00,0.00,0.00,0.00,11.13,0.00,1.80,0.00,85.21,0.93,0.00,0.00,0.27,0.03,0.00
86,0.48,0.00,0.43,0.26,0.13,0.00,0.04,0.09,72.81,0.00,20.51,4.15,0.47,0.08,0.23,0.30,0.00
87,1.56,0.00,2.78,1.88,0.14,0.01,0.08,0.00,1.83,0.00,11.86,47.00,25.07,7.42,0.17,0.21,0.00
88,20.23,0.00,4.37,2.53,0.72,0.14,0.01,0.28,7.39,0.01,2.93,16.94,22.98,17.74,3.37,0.36,0.00
89,1.37,0.00,2.60,1.94,0.54,0.08,0.04,0.41,16.45,0.01,59.80,6.82,6.36,2.49,0.63,0.47,0.00
90,0.51,0.00,0.44,0.22,0.06,0.00,0.01,0.23,35.21,0.00,12.60,49.14,1.04,0.24,0.27,0.04,0.00
91,0.04,0.00,3.67,0.38,0.04,0.01,0.00,0.46,16.34,0.02,12.75,7.29,0.03,58.65,0.12,0.21,0.00
92,0.41,0.00,0.26,0.20,0.03,0.00,0.00,0.02,33.15,0.00,52.40,12.21,0.14,0.19,0.63,0.33,0.03
93,0.48,0.08,0.00,0.00,0.00,0.00,0.35,0.00,69.52,0.00,21.81,7.71,0.01,0.00,0.00,0.02,0.00
94,0.05,0.00,0.02,0.01,0.01,0.00,0.01,0.01,80.61,0.03,18.32,0.66,0.01,0.01,0.10,0.16,0.00
95,2.66,0.00,2.34,0.51,0.13,0.02,0.15,0.62,42.22,0.07,17.61,23.85,0.02,9.45,0.16,0.19,0.00
96,1.33,0.00,0.30,0.22,0.04,0.00,0.01,0.02,83.64,0.00,11.81,1.29,0.19,0.43,0.15,0.56,0.00
97,1.34,0.00,0.30,0.22,0.07,0.00,0.07,0.14,70.48,0.00,22.59,3.62,0.28,0.08,0.33,0.46,0.00
98,3.22,0.00,2.89,2.04,0.29,0.04,0.22,0.92,36.83,0.00,15.69,6.58,0.09,26.86,1.78,2.54,0.01
99,0.01,0.00,0.86,0.27,0.02,0.00,0.00,0.02,54.30,0.00,35.90,4.40,0.01,3.48,0.34,0.38,0.00
100,0.40,0.00,0.27,0.23,0.18,0.03,0.04,0.07,85.84,0.02,11.02,0.70,0.08,0.01,0.48,0.63,0.00
101,0.32,0.00,0.16,0.07,0.02,0.01,0.03,0.04,70.18,0.02,27.95,0.67,0.01,0.00,0.16,0.35,0.00
102,0.68,0.00,0.39,0.17,0.03,0.00,0.04,0.11,85.68,0.01,10.51,1.41,0.07,0.03,0.47,0.39,0.01
103,3.10,0.00,0.68,0.53,0.12,0.02,0.04,0.35,61.71,0.00,20.57,9.05,1.13,1.38,0.70,0.61,0.01
104,1.88,0.00,5.42,9.79,5.96,1.09,0.03,0.02,37.46,0.00,16.67,9.88,1.23,9.43,0.27,0.85,0.00
105,4.99,0.00,1.78,0.94,0.22,0.03,0.03,2.44,68.52,0.05,9.48,2.94,3.40,1.05,3.12,1.01,0.00
106,14.06,0.00,0.74,0.92,0.23,0.04,0.06,0.21,62.02,0.01,11.67,4.81,0.91,0.85,2.15,1.33,0.00
107,4.18,0.00,1.12,0.71,0.11,0.01,0.01,0.06,59.96,0.01,23.66,3.74,0.08,5.55,0.30,0.50,0.00
108,0.98,0.00,0.15,0.20,0.01,0.00,0.04,0.01,79.58,0.00,14.98,3.44,0.05,0.01,0.13,0.41,0.00
109,0.04,0.00,0.30,0.09,0.01,0.00,0.01,0.12,76.99,0.00,19.06,2.92,0.03,0.01,0.31,0.09,0.03
110,0.57,0.00,0.11,0.07,0.01,0.00,0.01,0.10,87.15,0.00,9.82,1.81,0.05,0.03,0.18,0.09,0.01
111,0.09,0.00,0.10,0.04,0.01,0.00,0.03,0.02,67.01,0.00,17.85,14.25,0.15,0.18,0.26,0.03,0.00
112,0.06,0.00,0.07,0.03,0.01,0.00,0.03,0.00,86.38,0.00,9.41,3.81,0.02,0.00,0.11,0.06,0.00
113,0.22,0.00,0.45,0.05,0.00,0.00,0.00,0.12,82.03,0.34,15.62,1.08,0.00,0.01,0.04,0.03,0.00
114,0.05,0.10,0.21,0.18,0.04,0.01,0.10,0.05,45.83,0.00,38.16,14.40,0.11,0.03,0.27,0.48,0.00
115,0.31,0.02,0.01,0.00,0.00,0.00,0.07,0.00,71.57,0.00,14.84,13.03,0.02,0.00,0.12,0.02,0.00
116,0.55,0.00,0.22,0.14,0.03,0.00,0.21,0.10,8.68,0.00,56.94,31.25,0.80,0.43,0.37,0.29,0.00
117,9.09,0.00,1.83,0.64,0.13,0.02,0.03,0.13,38.25,0.00,22.59,10.98,6.01,2.73,4.44,3.12,0.00
118,0.77,2.07,0.00,0.00,0.00,0.00,1.71,0.00,39.17,0.00,12.90,43.31,0.00,0.00,0.02,0.06,0.00
119,0.03,0.00,0.06,0.02,0.00,0.00,0.01,0.00,84.80,0.00,9.36,5.39,0.04,0.18,0.07,0.05,0.00
120,0.24,0.00,0.09,0.06,0.01,0.00,0.01,0.45,54.99,0.00,30.24,13.71,0.10,0.00,0.07,0.03,0.00
121,0.19,0.01,0.05,0.02,0.00,0.00,0.08,0.27,58.20,0.00,25.66,15.06,0.03,0.01,0.27,0.15,0.00
122,0.18,0.00,0.97,0.62,0.24,0.06,0.17,0.32,26.10,0.00,29.73,38.80,0.63,1.19,0.51,0.49,0.00
123,0.44,0.00,2.07,1.23,0.59,0.04,0.13,0.02,1.29,0.05,39.08,37.77,10.66,5.09,0.87,0.68,0.00
124,0.07,0.00,0.29,0.12,0.02,0.00,0.07,0.08,6.28,0.03,53.70,37.75,0.92,0.12,0.20,0.34,0.00
125,0.12,0.00,1.16,0.17,0.05,0.00,0.04,0.15,7.77,0.00,7.77,76.77,5.77,0.00,0.21,0.03,0.00
126,0.00,0.00,0.00,0.00,0.00,0.00,0.58,0.00,60.58,0.00,14.26,24.56,0.01,0.00,0.00,0.00,0.00
127,0.10,0.00,0.00,0.00,0.00,0.00,0.29,0.00,80.40,0.00,2.90,16.15,0.01,0.00,0.08,0.06,0.00
128,8.07,0.00,0.92,0.03,0.00,0.00,0.01,0.01,1.09,0.03,29.45,36.30,0.13,0.00,0.16,23.78,0.00
129,0.14,0.00,0.12,0.01,0.00,0.00,0.06,0.00,81.01,0.00,5.93,12.10,0.59,0.00,0.03,0.00,0.00
130,0.06,0.00,0.13,0.03,0.00,0.00,0.04,0.00,64.12,0.03,9.11,26.12,0.32,0.00,0.03,0.00,0.00
131,0.14,0.01,0.23,0.09,0.03,0.00,0.08,0.00,78.50,0.07,10.06,10.58,0.14,0.02,0.04,0.00,0.00
132,0.02,0.00,0.32,0.23,0.07,0.00,0.05,0.03,66.13,0.63,15.25,16.88,0.18,0.08,0.13,0.00,0.00
133,0.37,0.00,2.21,1.16,0.38,0.03,0.14,0.01,9.69,0.01,28.45,39.16,11.02,5.16,2.17,0.03,0.00
134,0.01,0.00,0.07,0.03,0.00,0.00,0.02,0.01,64.39,0.17,24.24,10.57,0.34,0.02,0.10,0.01,0.00
135,0.96,0.00,0.19,0.08,0.02,0.00,0.09,0.00,80.67,0.00,13.27,4.40,0.14,0.07,0.10,0.00,0.00
136,0.05,0.00,0.03,0.00,0.00,0.00,2.17,0.29,54.89,0.08,29.84,12.08,0.01,0.00,0.33,0.23,0.00
137,0.06,0.00,0.06,0.00,0.00,0.00,0.26,0.87,54.59,0.37,32.61,10.12,0.02,0.00,0.55,0.47,0.00
138,0.12,0.00,0.72,0.29,0.09,0.01,0.04,0.60,70.72,0.09,12.40,14.49,0.34,0.01,0.02,0.06,0.00
139,0.14,0.00,0.52,0.24,0.06,0.01,0.26,1.18,82.10,0.43,8.88,6.09,0.01,0.00,0.01,0.06,0.00
140,0.44,0.00,0.00,0.00,0.00,0.00,0.14,0.44,62.40,0.04,28.38,7.72,0.06,0.01,0.20,0.18,0.00
141,0.01,0.01,0.01,0.00,0.00,0.00,1.48,0.14,50.89,0.02,22.50,24.77,0.01,0.00,0.06,0.09,0.00
142,0.05,0.01,0.07,0.00,0.00,0.00,3.29,0.02,76.12,0.01,11.49,8.88,0.05,0.00,0.01,0.00,0.00
143,0.18,0.00,0.21,0.03,0.00,0.00,0.02,2.07,56.23,0.32,30.93,7.67,0.12,0.01,1.11,1.10,0.00
144,0.75,0.80,0.01,0.00,0.00,0.00,13.36,0.25,18.44,0.23,29.94,36.13,0.01,0.00,0.05,0.03,0.00
145,0.16,0.00,0.17,0.02,0.01,0.00,0.18,0.22,49.21,0.07,36.51,11.87,0.11,0.01,0.60,0.87,0.00
146,6.29,0.00,0.38,0.06,0.02,0.00,0.05,0.96,53.16,0.05,28.53,7.52,0.03,0.04,1.09,1.81,0.00
147,1.54,0.00,0.18,0.03,0.01,0.00,0.33,2.36,61.41,0.21,24.02,9.30,0.02,0.00,0.37,0.22,0.00
148,0.36,0.00,0.11,0.01,0.00,0.00,0.48,0.44,66.04,0.06,21.91,10.19,0.02,0.01,0.27,0.10,0.00
149,0.11,0.00,0.17,0.05,0.01,0.00,0.16,1.20,47.54,0.03,33.24,17.14,0.03,0.00,0.19,0.11,0.00
150,5.44,0.00,1.99,0.44,0.10,0.01,0.11,1.41,14.55,0.24,42.76,13.81,4.84,2.52,3.40,8.37,0.00
151,0.98,0.00,0.16,0.01,0.00,0.00,0.10,5.71,47.22,0.14,36.14,8.64,0.11,0.24,0.26,0.29,0.00
152,1.10,0.00,1.76,0.45,0.04,0.00,0.01,0.03,23.86,0.15,5.75,42.48,13.10,3.39,7.42,0.47,0.00
153,0.02,0.00,0.21,0.08,0.03,0.00,0.78,0.17,78.80,0.14,5.04,14.48,0.19,0.01,0.06,0.00,0.00
154,0.05,0.00,0.13,0.04,0.02,0.00,0.04,2.65,49.97,0.65,22.47,21.77,0.21,0.00,1.96,0.02,0.00
155,0.60,0.00,4.62,3.84,1.74,0.28,0.03,0.02,16.68,0.01,20.45,22.84,17.50,4.86,2.30,4.22,0.00
156,0.00,0.00,0.18,0.01,0.00,0.00,0.00,6.34,47.12,0.00,22.96,17.34,1.95,0.07,4.01,0.00,0.00
157,1.73,0.00,2.25,0.30,0.02,0.00,0.08,0.24,2.48,0.07,20.58,49.17,13.08,7.03,2.36,0.61,0.00
158,0.08,0.00,0.27,0.12,0.02,0.00,0.31,0.01,63.42,0.12,16.11,19.30,0.14,0.08,0.02,0.00,0.00
159,2.60,0.00,3.85,2.22,0.64,0.09,0.05,0.05,3.79,0.06,11.97,49.30,13.52,10.11,1.63,0.13,0.00
160,0.26,0.00,0.23,0.08,0.02,0.00,0.43,0.04,74.51,0.20,16.10,6.88,0.37,0.20,0.66,0.02,0.00
161,0.13,0.00,0.46,0.12,0.01,0.00,0.02,0.12,22.89,0.02,35.20,40.36,0.47,0.04,0.14,0.03,0.00
162,0.19,0.00,0.00,0.00,0.00,0.00,0.09,0.18,69.10,0.04,22.77,7.49,0.00,0.00,0.10,0.03,0.00
163,0.65,0.00,0.57,0.19,0.05,0.01,0.66,0.08,0.56,0.00,84.08,9.81,1.68,0.22,0.60,0.83,0.00
164,0.51,0.00,0.65,0.23,0.06,0.01,0.24,0.06,0.85,0.01,59.34,32.20,2.91,1.29,0.89,0.76,0.00
165,4.67,0.00,1.65,0.52,0.12,0.02,0.06,0.54,0.98,0.02,51.58,3.64,23.86,0.57,3.88,7.91,0.00
166,0.22,0.00,0.28,0.09,0.02,0.00,0.29,0.59,7.55,0.16,70.67,17.86,0.92,0.02,0.56,0.74,0.00
167,0.35,0.00,0.47,0.20,0.06,0.01,2.62,0.00,0.11,0.00,89.89,5.44,0.30,0.02,0.27,0.24,0.00
168,1.43,0.00,1.04,0.32,0.18,0.03,0.17,0.21,0.33,0.01,75.32,10.55,4.25,0.00,1.42,4.74,0.00
169,1.05,0.00,0.76,0.61,0.12,0.02,1.97,0.02,0.03,0.01,42.70,43.08,3.38,3.94,1.42,0.88,0.00
170,0.86,0.02,0.02,0.00,0.00,0.00,37.43,0.63,20.94,0.07,19.77,20.03,0.00,0.00,0.22,0.01,0.00
171,0.87,0.00,0.16,0.03,0.00,0.00,2.71,0.36,85.29,0.22,6.57,3.19,0.00,0.00,0.60,0.00,0.00
172,0.32,0.00,0.64,0.21,0.01,0.00,0.35,18.67,60.82,3.77,13.06,1.14,0.04,0.00,0.89,0.07,0.00
173,0.22,0.00,0.61,0.05,0.01,0.00,1.17,39.16,31.42,3.53,22.62,1.16,0.01,0.00,0.04,0.00,0.00
174,0.39,0.00,0.74,0.28,0.05,0.00,1.41,12.93,47.48,8.78,26.15,1.65,0.00,0.00,0.13,0.02,0.00
175,0.34,0.00,0.95,0.31,0.09,0.01,0.48,24.08,34.55,0.28,36.71,0.95,0.83,0.16,0.13,0.12,0.00
176,3.00,0.00,3.25,1.56,0.64,0.06,0.59,4.39,6.90,0.04,61.29,0.63,13.02,3.94,0.68,0.02,0.00
177,5.12,0.00,7.41,4.88,2.51,0.73,4.86,1.79,22.11,6.40,9.96,7.00,9.24,1.29,8.33,8.37,0.00
178,1.38,0.00,4.54,0.97,0.23,0.08,1.90,2.13,45.12,9.90,20.78,6.21,1.14,0.11,3.90,1.60,0.00
179,0.76,0.04,0.99,0.19,0.02,0.00,1.33,1.69,80.24,2.44,8.69,2.46,0.16,0.00,0.95,0.04,0.00
180,0.58,0.00,4.68,0.45,0.05,0.01,1.48,2.90,51.92,13.45,16.49,6.34,0.45,0.08,0.85,0.27,0.00
181,1.21,0.00,3.06,0.77,0.08,0.01,2.78,2.59,54.08,3.39,20.85,6.38,1.25,0.05,3.06,0.44,0.00
182,0.56,0.00,4.50,0.93,0.19,0.04,1.56,4.07,41.20,9.56,24.54,6.12,3.07,0.28,2.64,0.73,0.00
183,0.20,0.00,4.63,0.15,0.01,0.00,0.75,1.17,49.65,18.65,17.81,4.69,1.22,0.06,0.76,0.24,0.00
184,0.11,0.00,3.63,0.19,0.04,0.01,0.74,0.42,52.10,17.85,15.26,8.63,0.58,0.01,0.28,0.15,0.00
185,0.83,0.00,2.64,0.14,0.05,0.01,0.94,4.09,67.04,12.26,7.66,3.61,0.21,0.05,0.31,0.15,0.00
186,0.35,0.00,2.35,0.15,0.06,0.01,0.48,4.29,64.15,4.99,12.47,10.25,0.00,0.00,0.24,0.21,0.00
187,0.22,0.00,4.32,0.10,0.03,0.00,0.12,2.20,76.09,4.47,8.21,3.79,0.00,0.01,0.37,0.05,0.00
188,0.88,0.00,12.55,2.37,1.20,0.37,0.51,0.55,51.08,1.81,8.32,13.86,0.42,0.70,3.84,1.54,0.00
189,0.90,0.00,3.51,0.60,0.26,0.03,1.37,4.28,27.41,7.67,19.48,31.16,0.00,0.00,1.11,2.22,0.00
190,0.16,0.00,8.15,0.95,0.54,0.12,0.24,0.04,57.90,19.95,6.66,4.75,0.01,0.29,0.18,0.06,0.00
191,1.21,0.00,6.99,2.92,1.57,0.31,0.56,0.11,5.96,31.46,11.71,29.47,0.23,5.92,1.08,0.52,0.00
192,0.15,0.00,2.89,0.82,0.09,0.01,0.00,0.41,17.60,0.00,41.58,1.38,16.93,16.92,1.19,0.01,0.00
193,0.26,0.00,1.23,1.18,0.49,0.10,7.09,0.11,3.25,0.00,68.47,6.57,7.28,2.87,1.08,0.00,0.00
194,0.17,0.00,0.38,0.13,0.02,0.00,5.60,3.42,29.08,0.02,55.45,4.04,1.17,0.13,0.38,0.01,0.00
195,3.19,0.00,0.45,0.11,0.04,0.00,24.90,0.01,0.63,0.00,51.80,17.58,0.24,0.03,1.02,0.02,0.00
196,0.08,0.00,0.30,0.07,0.00,0.00,8.53,9.40,46.86,0.43,32.35,1.06,0.59,0.00,0.31,0.02,0.00
197,0.70,0.00,1.17,0.72,0.11,0.03,4.41,0.02,0.84,0.00,77.46,0.92,10.35,0.07,3.14,0.06,0.00
198,0.34,0.00,1.33,0.32,0.01,0.00,0.43,2.81,30.48,0.14,49.74,0.06,13.08,0.08,1.11,0.05,0.00
199,0.09,0.00,0.55,0.15,0.05,0.00,15.79,0.00,0.58,0.00,40.76,41.18,0.46,0.03,0.35,0.01,0.00
200,0.00,0.00,0.15,0.06,0.01,0.00,1.56,0.00,0.12,0.00,66.70,30.91,0.18,0.18,0.12,0.00,0.00
201,0.26,5.49,0.07,0.01,0.00,0.00,27.70,1.67,20.44,0.10,0.37,40.95,0.00,0.00,2.63,0.31,0.00
202,0.22,0.33,0.25,0.08,0.03,0.01,1.20,8.74,69.70,1.67,4.52,11.55,0.04,0.00,1.51,0.16,0.00
203,0.14,0.00,0.68,0.24,0.04,0.01,0.10,7.02,55.28,0.54,23.21,10.75,0.49,0.01,1.24,0.26,0.00
204,0.27,0.00,0.80,0.36,0.11,0.02,0.15,2.85,28.32,0.04,44.65,18.86,1.93,0.10,1.11,0.43,0.00
205,0.27,0.07,0.33,0.15,0.07,0.01,0.95,28.12,45.29,5.35,4.25,13.62,0.18,0.00,1.16,0.17,0.00
206,0.34,0.00,0.41,0.12,0.02,0.01,0.11,27.64,40.26,1.74,18.10,8.35,1.52,0.01,1.21,0.16,0.00
207,0.25,0.01,0.16,0.03,0.01,0.00,2.00,16.50,55.57,2.83,1.35,18.53,0.03,0.00,2.22,0.50,0.00
208,0.09,0.00,0.37,0.14,0.02,0.00,0.35,6.76,57.39,0.86,10.61,21.88,0.23,0.00,1.12,0.16,0.00
209,1.68,0.00,0.94,0.36,0.10,0.01,0.09,3.34,4.18,0.04,65.47,10.30,9.36,0.02,2.70,1.39,0.00
210,1.18,0.00,1.50,0.27,0.05,0.01,0.19,1.46,5.84,0.17,5.53,76.45,2.93,0.07,1.72,2.64,0.00
211,0.08,0.00,0.78,0.37,0.02,0.00,0.02,0.12,2.26,0.01,70.14,21.57,2.99,0.32,0.72,0.60,0.00
212,0.00,0.00,0.22,0.05,0.00,0.00,0.72,0.00,29.05,0.00,67.84,2.12,0.00,0.00,0.01,0.00,0.00
213,0.27,0.02,2.59,1.89,0.42,0.04,0.03,0.03,0.65,0.00,34.39,8.82,40.53,1.58,4.48,4.25,0.00
214,0.52,0.00,0.97,1.04,0.16,0.02,0.00,0.00,0.02,0.00,72.11,6.93,11.71,0.16,2.83,3.52,0.00
215,0.00,0.00,0.00,0.00,0.00,0.00,1.26,0.01,60.80,0.02,37.69,0.23,0.00,0.00,0.00,0.00,0.00
216,0.00,0.00,0.11,0.17,0.02,0.00,13.42,0.02,1.28,0.00,76.00,5.45,1.24,0.16,0.97,1.15,0.00
217,0.13,0.00,1.06,0.62,0.08,0.01,0.11,0.02,15.80,0.00,67.95,12.27,1.03,0.25,0.57,0.11,0.00
218,2.69,0.00,9.06,9.30,3.18,0.84,0.84,0.16,0.05,0.00,21.16,9.25,12.35,20.13,10.70,0.28,0.00
219,0.56,0.00,1.90,0.85,0.32,0.06,0.01,0.01,5.70,0.00,53.91,35.81,0.05,0.57,0.24,0.01,0.00
220,0.14,0.00,0.74,0.28,0.15,0.03,1.10,0.00,1.55,0.00,59.86,34.05,0.63,1.07,0.28,0.11,0.00
221,0.09,0.00,0.34,0.17,0.06,0.01,0.51,0.00,14.45,0.00,65.90,18.31,0.06,0.05,0.04,0.03,0.00
222,0.02,0.00,0.66,0.20,0.06,0.00,32.39,0.00,41.20,0.00,19.94,5.52,0.00,0.00,0.00,0.00,0.00
223,0.01,0.00,0.46,0.17,0.02,0.00,0.69,0.00,1.70,0.00,41.56,55.37,0.00,0.01,0.00,0.00,0.00
224,0.04,0.00,2.36,2.16,1.38,0.29,0.99,0.00,0.18,0.00,71.81,20.26,0.11,0.14,0.24,0.03,0.00
225,0.03,0.00,0.34,0.15,0.02,0.00,0.60,0.00,6.44,0.00,77.63,14.56,0.06,0.00,0.17,0.00,0.00
226,0.04,0.00,0.41,0.21,0.03,0.00,0.38,0.00,0.09,0.00,86.72,11.71,0.09,0.05,0.15,0.11,0.00
227,0.08,0.00,0.58,0.41,0.13,0.01,1.32,0.00,0.00,0.00,89.71,5.78,0.07,0.00,1.42,0.49,0.00
228,0.03,0.00,0.30,0.04,0.00,0.00,4.28,0.00,13.80,0.00,62.62,18.83,0.01,0.00,0.06,0.02,0.00
229,0.01,0.00,0.03,0.00,0.00,0.00,2.56,0.00,61.93,0.00,29.71,5.66,0.00,0.00,0.09,0.00,0.00
230,0.00,0.00,0.16,0.07,0.00,0.00,4.34,0.00,12.19,0.00,77.64,5.59,0.00,0.00,0.00,0.00,0.00
231,0.14,0.00,0.69,0.08,0.02,0.00,4.22,0.00,0.17,0.00,73.70,20.34,0.06,0.04,0.22,0.31,0.00
232,0.02,0.00,0.42,0.05,0.01,0.00,4.56,0.00,0.01,0.00,73.57,21.17,0.02,0.01,0.09,0.07,0.00
233,0.05,0.00,0.43,0.08,0.00,0.00,1.67,0.00,0.26,0.00,74.61,22.87,0.00,0.00,0.03,0.00,0.00
234,0.77,0.00,0.01,0.00,0.00,0.00,22.48,0.00,5.74,0.00,66.27,4.59,0.00,0.00,0.12,0.01,0.00
235,0.00,0.00,0.01,0.00,0.00,0.00,1.64,0.00,13.75,0.01,80.05,4.54,0.00,0.00,0.00,0.01,0.00
236,0.00,0.00,0.09,0.00,0.00,0.00,0.28,0.00,93.90,0.00,4.49,1.23,0.00,0.00,0.00,0.00,0.00
237,0.00,0.00,0.94,0.27,0.09,0.02,0.11,0.00,0.41,0.00,84.25,13.62,0.19,0.00,0.01,0.08,0.00
238,0.00,0.00,0.11,0.02,0.00,0.00,0.02,0.04,3.36,0.00,86.86,9.47,0.00,0.01,0.12,0.00,0.00
239,0.01,0.00,0.49,0.21,0.07,0.02,0.46,0.00,41.92,0.00,51.04,5.55,0.04,0.04,0.09,0.05,0.00
240,0.07,0.00,0.65,0.19,0.11,0.03,0.09,0.16,88.27,0.01,5.92,4.41,0.00,0.00,0.01,0.10,0.00
241,0.07,0.00,0.16,0.04,0.00,0.00,0.30,5.98,78.77,0.03,5.38,9.18,0.00,0.00,0.00,0.09,0.00
242,0.08,0.00,0.55,0.16,0.03,0.00,0.09,0.08,40.31,0.00,46.18,12.41,0.01,0.01,0.04,0.06,0.00
243,0.00,0.00,1.20,0.07,0.02,0.01,0.01,0.82,84.52,0.05,7.01,6.24,0.02,0.00,0.01,0.00,0.00
244,0.01,0.00,0.14,0.00,0.00,0.00,0.00,5.93,68.56,1.11,18.93,5.29,0.00,0.00,0.01,0.00,0.00
245,0.03,0.00,0.63,0.33,0.09,0.02,0.39,0.17,7.43,0.01,89.52,0.93,0.18,0.00,0.20,0.07,0.00
246,1.24,0.00,1.03,0.39,0.10,0.02,0.00,0.10,17.77,0.00,8.97,70.02,0.00,0.00,0.00,0.36,0.00
247,0.10,0.00,0.32,0.05,0.01,0.00,1.40,0.00,57.95,0.00,32.41,7.66,0.00,0.00,0.06,0.02,0.00
248,0.08,0.00,0.72,0.14,0.03,0.00,8.63,0.00,55.62,0.00,34.38,0.40,0.00,0.00,0.00,0.00,0.00
249,0.01,0.00,0.33,0.09,0.01,0.00,0.08,0.26,86.84,0.00,11.33,1.01,0.00,0.00,0.02,0.01,0.00
250,0.32,0.00,1.21,0.55,0.29,0.09,2.80,0.00,0.02,0.00,88.65,4.27,0.01,1.41,0.23,0.15,0.01
251,0.03,0.00,0.50,0.09,0.02,0.00,0.57,0.00,0.14,0.00,86.78,11.32,0.02,0.40,0.08,0.04,0.00
252,0.01,0.00,0.24,0.12,0.02,0.00,0.68,0.04,1.07,0.00,93.31,4.14,0.05,0.11,0.17,0.01,0.03
253,0.01,0.00,0.08,0.01,0.00,0.00,0.00,0.27,29.91,0.00,61.69,8.02,0.00,0.01,0.00,0.00,0.00
254,0.01,0.00,0.51,0.11,0.02,0.00,0.14,0.01,0.17,0.00,94.23,4.41,0.00,0.05,0.30,0.02,0.00
255,3.98,0.00,6.20,6.78,2.49,0.85,0.56,0.00,0.14,0.00,31.19,0.54,0.64,38.04,7.33,1.21,0.04
256,0.00,0.00,0.28,0.14,0.01,0.00,63.12,0.00,0.00,0.00,17.66,18.79,0.00,0.00,0.00,0.00,0.00
257,0.02,0.00,0.08,0.03,0.01,0.00,75.14,0.00,0.00,0.00,20.25,4.12,0.01,0.04,0.31,0.01,0.00
258,0.09,0.00,0.78,0.28,0.05,0.01,0.32,0.60,16.01,0.26,0.28,76.82,0.25,2.59,1.02,0.65,0.00
259,0.18,0.00,2.55,0.12,0.03,0.01,0.11,0.05,0.00,0.00,10.92,61.62,0.86,23.14,0.19,0.23,0.00
260,0.27,0.00,2.50,0.42,0.26,0.06,0.18,0.05,0.05,0.00,3.48,71.39,0.79,19.71,0.57,0.27,0.00
261,0.24,0.00,3.51,0.86,0.44,0.17,0.06,0.09,0.01,0.00,0.79,26.07,2.67,64.45,0.36,0.26,0.00
262,0.09,0.00,3.93,0.49,0.08,0.03,0.05,0.00,0.00,0.00,4.52,43.10,0.01,47.57,0.02,0.11,0.00
263,0.15,0.00,1.42,0.19,0.03,0.00,0.46,0.04,5.12,0.01,10.46,72.21,0.28,8.98,0.42,0.24,0.00
264,0.09,0.00,0.80,0.17,0.01,0.00,0.26,0.01,0.17,0.00,7.08,83.42,0.61,6.52,0.33,0.52,0.00
265,2.51,0.00,3.92,0.89,0.27,0.10,0.36,0.17,0.05,0.00,2.52,41.51,1.04,42.14,2.47,2.04,0.00
266,0.31,0.00,5.07,0.87,0.24,0.12,0.08,0.06,0.02,0.01,7.93,35.15,0.00,49.61,0.03,0.49,0.00
267,0.05,0.00,1.96,0.13,0.03,0.01,1.47,0.00,0.00,0.00,57.25,31.29,0.00,7.80,0.00,0.01,0.00
268,0.03,0.00,2.68,0.60,0.28,0.09,0.28,0.01,0.00,0.01,51.79,33.98,0.00,9.80,0.13,0.32,0.00
269,4.28,0.00,9.74,14.76,7.48,1.96,0.44,0.40,0.51,0.01,4.76,22.10,6.84,20.89,3.94,1.89,0.00
270,0.31,0.00,2.41,0.34,0.07,0.02,0.25,0.29,0.01,0.02,16.72,71.15,0.19,7.72,0.45,0.06,0.00
271,0.30,0.00,3.32,0.34,0.08,0.02,0.97,0.24,0.27,0.30,43.95,28.95,0.11,21.02,0.10,0.02,0.00
272,0.39,0.00,1.44,0.13,0.02,0.00,0.53,0.55,2.93,0.18,65.54,24.70,0.01,3.46,0.10,0.01,0.00
273,0.36,0.00,0.77,0.20,0.04,0.01,0.20,0.04,0.44,0.00,49.39,46.85,0.00,1.44,0.05,0.23,0.00
274,0.34,0.00,2.11,0.49,0.22,0.07,0.19,0.01,0.14,0.00,6.11,79.26,0.24,9.59,0.36,0.87,0.00
275,0.02,0.00,0.28,0.01,0.00,0.00,0.01,0.16,17.86,0.00,26.80,53.83,0.00,0.37,0.18,0.47,0.00
276,0.03,0.00,0.27,0.00,0.00,0.00,0.00,0.00,9.74,0.00,42.23,46.97,0.04,0.33,0.24,0.16,0.00
277,0.03,0.00,0.54,0.09,0.02,0.00,0.04,0.07,16.55,0.00,39.95,42.33,0.04,0.12,0.07,0.14,0.00
278,0.05,0.00,6.65,2.10,1.18,0.22,0.18,1.95,22.21,0.00,19.39,44.70,0.03,0.11,0.51,0.74,0.00
279,0.06,0.00,4.50,2.95,1.94,0.53,0.40,0.07,1.66,0.00,3.47,81.69,0.09,1.12,0.34,1.17,0.00
280,1.10,0.00,1.61,0.22,0.04,0.01,0.49,0.00,0.00,0.00,31.11,59.54,0.08,5.06,0.24,0.50,0.00
281,0.31,0.00,0.59,0.13,0.04,0.01,0.04,0.01,3.63,0.00,7.17,86.70,0.05,0.50,0.14,0.67,0.00
282,0.10,0.00,0.06,0.01,0.00,0.00,0.00,0.15,22.64,0.00,47.77,29.18,0.00,0.00,0.04,0.05,0.00
283,0.32,0.00,0.42,0.06,0.01,0.00,0.06,0.01,0.15,0.00,38.04,59.92,0.00,0.42,0.22,0.36,0.00
284,0.00,0.00,0.78,0.06,0.01,0.00,0.10,0.00,0.48,0.00,11.95,86.22,0.00,0.38,0.00,0.02,0.00
285,0.80,0.00,2.67,0.19,0.06,0.01,2.41,0.00,0.01,0.00,21.85,64.45,0.00,4.79,0.00,2.76,0.00
286,0.00,0.00,0.34,0.03,0.00,0.00,0.00,0.00,0.18,0.00,70.47,28.79,0.03,0.15,0.00,0.00,0.00
287,1.18,0.00,3.79,0.86,0.15,0.05,0.01,3.57,0.01,0.06,0.01,47.01,1.11,41.58,0.56,0.05,0.00
288,0.72,0.00,3.11,0.60,0.08,0.02,0.08,0.65,0.02,0.07,0.05,45.20,0.58,47.67,1.08,0.07,0.00
289,1.19,0.00,4.22,1.01,0.23,0.10,0.02,0.95,0.00,0.00,0.04,33.60,0.08,57.31,0.91,0.33,0.00
290,1.25,0.00,4.51,1.85,0.61,0.24,0.06,2.14,0.20,0.03,0.03,29.74,0.94,57.44,0.85,0.12,0.00
291,0.49,0.00,3.26,0.78,0.09,0.02,0.04,1.46,0.07,0.17,0.01,58.39,0.68,32.95,1.03,0.55,0.00
292,0.58,0.00,3.87,0.89,0.17,0.06,0.01,1.82,0.00,0.01,0.00,14.51,0.41,76.90,0.51,0.26,0.00
293,2.18,0.00,4.33,2.20,0.84,0.29,0.12,0.44,0.00,0.00,0.09,16.36,0.95,63.83,6.54,1.83,0.00
294,0.45,0.00,5.66,0.73,0.32,0.14,0.33,0.71,0.36,0.49,35.59,17.58,0.54,36.93,0.14,0.02,0.00
295,1.34,0.00,4.72,0.90,0.45,0.17,0.59,3.43,0.43,0.00,11.74,55.91,1.00,19.20,0.05,0.05,0.00
296,0.68,0.00,4.46,0.30,0.10,0.04,0.03,2.09,2.33,0.00,57.10,24.77,0.51,7.40,0.09,0.09,0.00
297,2.59,0.00,3.23,0.31,0.10,0.04,0.05,5.82,1.33,3.40,16.09,57.46,0.14,9.14,0.07,0.23,0.00
298,0.75,0.00,4.26,0.60,0.14,0.03,0.28,2.28,3.52,1.17,4.44,50.28,0.17,31.34,0.48,0.27,0.00
299,0.58,0.00,4.80,0.71,0.20,0.11,0.07,0.04,0.02,1.40,32.18,4.91,0.00,54.46,0.41,0.10,0.00
300,0.49,0.00,2.67,0.87,0.27,0.01,0.64,0.49,6.38,0.02,0.31,72.79,0.02,14.97,0.02,0.04,0.00
301,1.72,0.00,5.63,2.32,1.66,0.79,0.23,10.64,1.27,0.01,0.09,49.38,3.62,22.26,0.20,0.19,0.00
302,29.06,0.00,1.14,0.66,0.04,0.00,30.56,0.91,0.00,0.00,0.01,26.42,0.00,3.28,3.86,4.04,0.00
303,0.72,0.00,3.90,0.40,0.14,0.05,0.13,0.28,2.25,0.70,12.23,54.18,0.03,24.81,0.11,0.06,0.00
304,0.68,0.00,2.07,0.19,0.04,0.01,0.48,4.66,0.13,0.13,1.03,83.39,0.18,6.70,0.01,0.32,0.00
305,1.86,0.00,3.34,0.98,0.22,0.07,0.06,5.28,0.06,0.09,0.05,65.17,8.43,13.01,1.11,0.27,0.00
306,2.55,0.00,5.60,1.13,0.40,0.15,0.14,38.23,0.23,0.03,0.03,35.50,13.13,2.74,0.07,0.06,0.00
307,7.56,0.00,7.47,4.59,2.66,1.06,0.27,22.53,1.91,0.00,0.05,34.97,11.83,3.48,1.29,0.34,0.00
308,1.31,0.00,5.84,0.79,0.24,0.09,0.23,12.70,6.31,0.00,18.55,42.81,5.54,5.06,0.49,0.05,0.00
309,3.10,0.00,7.19,4.63,2.55,1.24,0.37,7.26,4.25,0.01,0.13,51.43,10.22,6.46,1.13,0.04,0.00
310,0.93,0.00,4.55,0.89,0.48,0.17,0.20,8.79,12.87,0.00,23.39,40.71,1.92,3.80,1.27,0.01,0.00
311,3.73,0.00,3.68,0.30,0.10,0.03,0.05,5.76,23.71,0.00,10.37,49.23,0.12,2.47,0.43,0.02,0.00
312,1.03,0.00,3.57,1.08,0.39,0.18,0.44,25.68,1.34,0.00,0.00,44.80,17.76,3.68,0.02,0.00,0.00
313,1.02,0.00,4.32,0.65,0.28,0.11,0.03,17.54,3.28,0.01,0.02,56.08,2.25,14.38,0.01,0.04,0.00
314,1.22,0.00,1.89,0.49,0.16,0.04,0.87,25.78,9.50,0.00,0.00,54.94,3.18,1.80,0.00,0.13,0.00
315,0.82,0.00,6.81,9.03,3.72,1.74,0.78,10.77,2.89,5.96,2.72,1.09,33.25,11.09,5.81,3.48,0.02
316,2.62,0.00,8.90,11.43,7.25,3.94,1.15,5.54,4.03,9.13,3.46,2.46,23.25,9.57,4.26,3.02,0.00
317,1.35,0.00,5.33,5.75,1.77,0.80,0.78,2.18,55.24,5.52,3.41,4.16,10.06,0.21,1.53,1.91,0.00
318,0.56,0.00,6.04,6.22,2.35,0.69,1.63,5.30,42.01,10.49,9.45,4.41,7.73,0.44,1.39,1.29,0.00
319,2.11,0.00,11.01,9.73,2.86,0.42,0.72,7.74,22.53,24.22,9.17,2.45,3.01,0.10,3.39,0.55,0.00
320,3.27,0.00,10.22,13.17,8.40,3.44,1.98,5.11,27.50,8.44,9.26,4.50,0.96,0.05,2.88,0.82,0.00
321,1.27,0.00,11.91,11.47,5.67,2.00,0.48,3.40,20.97,9.02,8.34,7.78,10.17,1.29,4.34,1.89,0.00
322,2.63,0.00,6.01,3.68,2.00,1.09,2.34,7.81,30.99,7.90,20.52,5.45,3.86,0.24,3.43,2.05,0.00
323,0.86,0.00,5.85,3.27,1.38,0.57,0.53,7.82,17.03,8.99,13.71,5.08,22.13,2.96,7.92,1.88,0.00
324,0.12,0.00,1.69,0.20,0.07,0.02,0.03,4.65,10.41,0.01,77.09,4.78,0.30,0.59,0.03,0.00,0.00
325,2.66,0.00,3.69,0.27,0.10,0.04,0.04,3.23,19.55,0.01,45.75,22.71,1.02,0.91,0.03,0.00,0.00
326,0.94,0.00,4.84,1.71,1.03,0.28,0.26,8.03,35.02,0.01,34.95,12.32,0.18,0.21,0.22,0.00,0.00
327,0.05,0.00,1.77,0.42,0.10,0.01,0.04,1.12,1.14,0.00,92.60,2.31,0.00,0.21,0.17,0.06,0.00
328,0.15,0.00,5.67,0.87,0.19,0.05,0.20,2.25,3.56,0.20,56.00,11.41,2.62,14.58,2.16,0.09,0.00
329,0.15,0.00,1.21,0.63,0.17,0.06,0.51,0.89,0.82,0.01,85.77,9.20,0.18,0.09,0.29,0.04,0.00
330,0.48,0.00,2.48,1.68,0.45,0.07,0.88,0.21,0.28,0.05,62.01,16.08,9.28,3.22,2.40,0.42,0.00
331,9.95,0.00,3.63,5.39,5.41,2.00,0.90,0.91,0.09,0.51,28.61,10.39,5.91,18.77,5.18,1.60,0.74
332,2.06,0.00,8.22,4.77,3.77,1.90,0.18,8.09,1.26,0.13,4.18,27.17,18.38,17.87,1.80,0.23,0.00
333,0.54,0.00,5.30,1.17,0.30,0.11,0.12,9.20,2.75,1.36,13.46,3.77,53.90,3.45,4.37,0.21,0.00
334,5.63,0.00,3.98,0.88,0.64,0.23,0.74,7.44,1.26,0.26,2.22,10.78,27.13,29.56,7.89,1.36,0.00
335,4.99,0.00,2.97,3.52,0.45,0.17,0.18,19.67,1.18,1.20,4.21,7.10,42.48,3.83,7.62,0.43,0.00
336,0.89,0.00,4.36,1.53,0.42,0.11,0.82,14.05,3.45,4.82,21.81,5.25,34.14,3.30,4.73,0.32,0.00
337,0.69,0.00,5.10,1.12,0.30,0.09,0.12,9.44,1.14,4.74,13.04,4.05,52.17,3.92,3.72,0.36,0.00
338,0.89,0.00,1.80,5.79,0.82,0.39,0.13,10.47,0.53,0.04,4.80,0.77,61.26,7.33,4.79,0.20,0.00
339,1.81,0.00,5.78,2.15,0.33,0.06,0.12,6.10,48.39,9.77,10.99,2.26,9.51,0.44,2.06,0.22,0.00
340,3.85,0.00,2.45,0.97,0.22,0.06,0.35,9.14,0.77,0.90,6.16,3.45,27.91,21.09,21.03,1.65,0.00
341,1.14,0.00,6.08,5.98,4.44,2.10,0.30,1.83,2.28,0.90,4.44,2.26,28.05,30.61,6.69,2.90,0.00
342,0.21,0.00,3.96,1.51,1.29,0.46,0.36,2.31,0.19,0.05,22.54,3.55,19.31,40.07,2.78,1.40,0.00
343,3.62,0.00,4.33,2.16,1.56,0.46,0.45,8.25,2.80,2.91,5.26,2.09,28.21,9.73,23.96,4.21,0.00
344,0.09,0.00,3.28,0.47,0.05,0.01,1.36,2.82,2.58,0.03,29.11,46.87,8.46,1.93,1.78,1.15,0.00
345,0.73,0.00,6.96,6.11,3.12,0.95,0.98,0.21,0.06,0.04,10.36,3.78,12.40,52.32,0.97,1.01,0.00
346,2.31,0.00,6.48,8.71,6.09,1.71,1.20,1.34,0.22,0.19,11.18,4.10,7.05,42.51,4.84,1.87,0.21
347,27.15,0.00,0.40,1.12,0.45,0.23,0.78,0.03,0.06,0.06,0.24,0.68,1.82,2.04,2.20,62.76,0.00
348,8.77,0.00,3.45,2.69,1.80,0.90,4.87,2.42,0.38,0.04,3.47,9.60,4.96,1.71,7.00,47.93,0.00
349,4.18,0.00,2.56,1.81,1.39,0.55,13.23,0.87,0.24,0.03,19.26,24.16,0.34,1.11,7.37,22.88,0.03
350,0.74,0.00,5.53,9.43,1.42,0.78,0.06,0.74,0.24,0.50,1.23,0.64,19.75,51.88,6.42,0.62,0.00
351,2.03,0.00,3.51,3.45,0.64,0.25,0.29,10.62,31.43,8.05,11.72,3.51,12.68,0.72,10.64,0.46,0.00
352,6.67,0.00,1.52,1.22,0.18,0.09,0.35,3.82,13.03,3.08,4.51,1.86,5.64,0.88,53.48,3.68,0.00
353,2.04,0.00,2.97,3.06,0.47,0.15,0.14,7.43,39.66,5.06,10.79,4.36,8.26,2.32,12.57,0.73,0.00
354,1.03,0.00,3.96,0.97,0.25,0.08,0.17,27.29,13.48,4.37,3.50,13.56,28.69,0.28,1.90,0.45,0.00
355,3.36,0.00,4.26,1.99,0.34,0.12,0.27,2.26,40.18,7.39,16.31,5.53,6.55,0.15,10.73,0.56,0.00
356,0.70,0.00,4.46,3.72,0.99,0.29,0.38,1.26,24.36,9.21,19.48,5.56,6.11,1.11,21.37,0.99,0.00
357,5.83,0.00,2.69,3.37,0.89,0.36,0.95,4.40,2.06,0.84,5.65,2.87,25.18,27.42,15.42,2.07,0.00
358,0.49,0.00,3.81,1.34,0.36,0.20,0.40,20.05,20.37,7.16,4.32,6.93,31.38,0.81,2.08,0.31,0.00
359,2.03,0.00,4.47,0.78,0.10,0.03,0.11,25.17,28.11,11.42,8.98,9.74,8.78,0.02,0.23,0.03,0.00
360,2.76,0.00,4.25,1.34,0.47,0.19,0.18,41.99,21.44,14.64,3.38,3.84,5.28,0.02,0.18,0.03,0.00
361,5.15,0.00,4.66,1.17,0.19,0.04,0.11,37.22,19.35,12.78,3.46,3.96,11.23,0.05,0.58,0.04,0.00
362,1.22,0.00,3.48,1.51,0.51,0.20,0.04,39.93,28.04,9.84,2.89,4.08,7.33,0.22,0.68,0.05,0.00
363,0.86,0.00,3.05,0.20,0.01,0.00,0.01,29.60,39.57,7.42,7.52,9.48,1.98,0.00,0.27,0.03,0.00
364,3.94,0.00,4.01,0.45,0.10,0.02,0.05,23.43,13.04,7.78,2.15,9.60,32.97,0.17,2.16,0.14,0.00
365,0.40,0.00,2.28,0.43,0.04,0.01,0.16,41.68,28.07,11.09,3.35,5.57,6.63,0.15,0.14,0.01,0.00
366,12.97,0.00,2.77,1.74,0.54,0.27,0.79,9.56,2.88,2.09,1.02,1.95,30.19,23.19,7.79,2.24,0.00
367,1.87,0.00,3.83,1.62,0.37,0.14,0.20,27.53,15.85,8.24,1.01,2.48,34.96,1.00,0.85,0.05,0.00
368,3.86,0.00,4.59,2.57,0.79,0.30,0.33,18.89,8.21,5.29,2.22,6.85,42.47,0.82,2.57,0.24,0.00
369,4.25,0.00,3.99,0.53,0.20,0.09,0.36,41.87,1.07,1.17,0.68,23.30,21.01,0.80,0.53,0.15,0.00
370,0.03,0.00,2.66,0.19,0.02,0.00,0.04,79.06,2.82,0.67,0.10,2.22,12.01,0.01,0.16,0.00,0.00
371,1.23,0.00,3.20,0.63,0.15,0.05,0.10,61.35,8.59,4.38,0.80,3.85,15.27,0.05,0.33,0.01,0.00
372,1.39,0.00,5.33,2.75,1.10,0.44,0.26,26.37,0.82,1.00,0.45,1.29,54.59,3.56,0.63,0.02,0.00
373,1.90,0.00,4.07,0.55,0.14,0.04,0.14,59.88,2.77,1.64,0.36,3.80,24.21,0.07,0.42,0.01,0.00
374,4.15,0.00,3.52,0.83,0.19,0.05,0.27,55.36,7.62,4.58,0.51,2.19,20.40,0.10,0.23,0.00,0.00
375,0.26,0.00,4.06,1.07,0.25,0.08,0.11,47.68,2.26,3.85,0.32,2.20,36.97,0.52,0.37,0.00,0.00
376,3.59,0.00,4.08,0.83,0.24,0.07,0.20,63.11,3.13,1.37,0.52,2.04,18.31,1.56,0.74,0.20,0.00
377,0.46,0.00,3.49,1.18,0.28,0.08,0.44,64.09,3.30,6.63,0.56,1.83,16.65,0.31,0.69,0.02,0.00
378,0.46,0.00,3.85,0.37,0.06,0.02,0.14,71.60,4.34,4.23,0.91,2.29,10.83,0.42,0.46,0.02,0.00
379,0.31,0.00,3.01,0.15,0.02,0.00,0.21,73.82,5.32,7.11,1.01,1.40,7.01,0.04,0.55,0.03,0.00
380,0.73,0.00,5.27,3.65,1.23,0.45,0.22,58.60,2.97,3.04,0.16,2.06,18.24,2.81,0.54,0.02,0.00
381,1.56,0.00,3.41,0.63,0.13,0.02,0.15,68.68,3.60,4.75,0.46,1.75,11.52,1.80,1.28,0.23,0.00
382,0.21,0.00,4.16,1.18,0.20,0.07,0.05,24.23,0.90,0.84,1.09,0.33,47.08,18.66,0.99,0.01,0.00
383,8.69,0.00,9.22,17.59,15.87,6.97,1.38,2.34,2.56,2.14,2.67,1.49,14.57,5.50,5.11,3.92,0.00
384,3.39,0.00,4.78,7.35,4.23,1.80,0.65,0.43,2.83,1.38,1.59,1.57,28.10,32.57,8.14,1.17,0.00
385,0.94,0.00,4.56,8.55,5.04,1.88,0.10,0.65,3.23,1.83,1.27,1.45,40.31,26.50,2.88,0.80,0.00
386,0.65,0.00,4.93,3.06,0.96,0.18,0.41,2.28,28.11,11.07,16.80,7.68,16.43,6.12,1.14,0.21,0.00
387,1.05,0.00,3.60,1.33,0.14,0.04,0.05,18.57,0.09,0.57,0.97,2.23,41.69,27.70,1.81,0.16,0.00
388,2.28,0.00,5.78,3.00,1.13,0.51,0.14,12.41,0.06,0.26,0.09,19.04,40.28,14.25,0.66,0.11,0.00
389,1.09,0.00,5.82,3.55,1.01,0.38,0.13,14.23,0.06,0.26,0.35,2.30,43.57,24.96,2.14,0.16,0.00
390,1.68,0.00,4.32,1.33,0.29,0.10,0.25,13.21,0.14,0.09,0.26,1.07,40.70,30.81,5.11,0.66,0.00
391,0.53,0.00,4.00,1.62,0.47,0.13,0.06,15.40,0.13,0.25,0.57,0.83,31.38,42.53,2.01,0.10,0.00
392,3.29,0.01,0.71,0.22,0.05,0.00,1.04,17.48,48.51,1.67,17.38,9.07,0.35,0.00,0.12,0.04,0.06
393,0.44,1.30,0.01,0.00,0.00,0.00,20.58,0.24,42.78,1.30,27.10,6.19,0.02,0.00,0.01,0.00,0.01
394,1.97,0.00,0.24,0.06,0.01,0.00,0.55,1.42,79.38,0.35,12.87,2.75,0.24,0.00,0.14,0.03,0.01
395,0.14,0.00,0.00,0.00,0.00,0.00,4.20,1.45,62.05,1.29,17.02,13.39,0.26,0.00,0.17,0.04,0.00
396,0.23,0.00,0.00,0.00,0.00,0.00,1.59,0.02,82.55,0.03,12.64,2.62,0.04,0.00,0.28,0.00,0.00
397,7.10,0.00,3.14,0.21,0.02,0.00,0.05,0.18,0.00,0.00,0.46,48.87,6.61,29.71,0.06,3.60,0.00
398,11.95,0.00,3.47,0.51,0.19,0.07,0.21,0.08,0.01,0.01,0.24,47.35,10.50,19.34,0.33,5.73,0.00
399,2.95,0.00,3.76,0.45,0.08,0.02,0.13,0.30,0.00,0.00,0.38,37.36,4.41,48.22,0.55,1.39,0.00
400,4.35,0.00,3.17,0.44,0.01,0.00,0.12,0.31,0.00,0.00,0.71,41.57,1.73,43.69,0.19,3.70,0.00
401,3.04,0.00,3.13,0.17,0.04,0.01,0.01,0.35,0.00,0.00,0.01,21.86,35.54,34.89,0.01,0.94,0.00
402,1.63,0.00,3.17,0.43,0.09,0.02,0.05,0.28,0.02,0.00,0.17,37.86,11.89,43.81,0.01,0.56,0.00
403,0.30,0.00,4.05,0.38,0.04,0.01,0.01,1.27,0.04,0.00,0.00,51.50,4.82,34.79,1.42,1.34,0.00
404,9.24,0.00,2.28,0.18,0.02,0.01,0.11,8.24,1.82,0.00,0.81,62.89,2.93,7.89,1.74,1.83,0.00
405,0.52,0.00,3.05,0.28,0.03,0.00,0.15,0.15,0.02,0.01,1.00,38.81,0.38,53.42,0.96,1.23,0.00
406,0.57,0.00,1.04,0.22,0.02,0.01,0.23,0.04,0.09,0.00,7.50,65.74,0.84,21.36,1.66,0.71,0.00
407,0.75,0.00,3.04,0.17,0.00,0.00,0.11,0.02,0.00,0.00,0.68,39.28,0.00,55.35,0.05,0.48,0.05
408,0.66,0.00,0.77,0.02,0.00,0.00,0.06,0.00,0.06,0.00,11.97,71.73,0.35,12.89,1.18,0.16,0.14
409,0.10,0.00,0.52,0.07,0.00,0.00,0.25,0.01,0.02,0.00,6.36,73.23,0.08,18.73,0.28,0.33,0.01
410,0.40,0.00,3.26,0.06,0.01,0.00,0.31,0.00,0.03,0.00,0.61,44.95,0.02,49.74,0.16,0.35,0.09
411,0.86,0.00,2.98,0.55,0.12,0.02,0.27,0.00,0.01,0.00,2.19,27.56,0.68,63.66,0.70,0.40,0.00
412,0.22,0.00,3.79,0.33,0.06,0.02,0.04,2.65,0.29,0.00,0.00,52.49,2.17,36.21,1.28,0.44,0.00
413,1.10,0.00,0.56,0.24,0.05,0.00,0.25,2.13,1.56,0.05,14.48,74.40,1.28,1.89,1.58,0.42,0.03
414,0.41,0.00,1.06,0.14,0.01,0.00,0.12,0.49,2.41,0.20,17.16,55.64,1.93,17.85,2.19,0.36,0.00
415,0.54,0.00,2.37,0.32,0.04,0.01,0.23,0.85,0.17,0.03,1.53,54.69,7.29,30.84,0.87,0.24,0.00
416,1.32,0.00,0.25,0.08,0.01,0.00,3.58,9.10,2.64,1.20,14.09,63.89,0.34,1.96,1.14,0.40,0.00
417,10.14,0.00,1.16,0.31,0.09,0.02,0.47,1.50,1.53,0.19,6.46,68.21,1.09,6.33,1.65,0.85,0.00
418,0.05,0.00,0.25,0.06,0.00,0.00,0.68,1.54,21.04,0.04,22.08,51.60,0.44,1.41,0.56,0.25,0.00
419,0.25,0.00,0.35,0.13,0.02,0.00,0.32,0.02,0.60,0.00,17.91,74.96,0.63,3.49,0.97,0.36,0.00
420,0.72,0.00,1.80,0.34,0.03,0.01,0.17,0.21,0.02,0.04,0.04,75.14,1.58,18.96,0.66,0.26,0.00
421,0.76,0.00,1.33,0.42,0.16,0.06,0.51,0.09,0.83,0.02,13.87,72.63,1.31,5.68,1.53,0.79,0.00
422,0.39,0.00,0.51,0.19,0.03,0.00,24.34,0.25,0.47,0.06,0.09,69.85,0.15,2.96,0.38,0.30,0.00
423,0.34,0.00,1.99,0.44,0.03,0.00,0.29,0.74,0.40,0.70,0.04,77.92,1.59,11.50,1.27,2.74,0.00
424,0.56,0.00,0.41,0.10,0.01,0.00,0.16,0.27,0.03,0.01,0.49,88.34,2.91,5.81,0.78,0.13,0.00
425,0.59,0.00,0.33,0.13,0.00,0.00,1.73,0.02,0.01,0.01,7.55,85.85,2.59,1.01,0.14,0.04,0.00
426,2.69,0.00,0.07,0.01,0.00,0.00,0.43,0.00,15.27,0.00,27.47,49.22,0.13,2.92,1.47,0.33,0.00
427,0.10,0.00,1.24,0.27,0.03,0.00,0.11,0.03,0.55,0.00,5.81,49.44,4.13,35.72,2.07,0.50,0.00
428,0.22,0.00,0.69,0.25,0.11,0.04,0.20,0.04,2.02,0.00,18.55,65.48,0.88,9.42,1.63,0.47,0.00
429,0.33,0.00,0.68,0.19,0.04,0.00,0.34,0.00,1.51,0.00,12.80,58.72,2.56,20.25,2.38,0.20,0.00
430,0.06,0.00,0.20,0.05,0.01,0.00,0.25,0.22,26.26,0.00,35.33,35.19,0.35,0.93,0.98,0.18,0.00
431,0.48,0.00,0.85,0.34,0.14,0.04,0.55,0.16,2.41,0.00,39.02,49.87,1.97,1.15,2.45,0.57,0.00
432,2.80,0.00,2.44,0.16,0.02,0.00,0.02,9.33,9.91,4.88,0.01,61.68,0.61,4.78,2.89,0.47,0.00
433,0.14,0.00,0.49,0.07,0.01,0.00,0.01,0.58,10.22,0.08,35.06,45.47,3.15,1.70,2.82,0.18,0.00
434,0.25,0.00,1.89,0.45,0.11,0.01,0.00,0.17,6.36,0.02,29.70,48.03,9.56,2.62,0.81,0.04,0.00
435,0.08,0.00,0.33,0.06,0.00,0.00,0.02,0.19,18.15,0.75,17.56,60.63,1.12,0.64,0.42,0.06,0.00
436,0.45,0.00,0.40,0.09,0.01,0.00,0.11,0.81,4.80,0.00,45.57,37.99,1.36,5.49,2.44,0.47,0.00
437,0.15,0.00,0.45,0.17,0.09,0.02,1.39,0.00,0.47,0.00,30.05,65.05,0.41,0.49,0.81,0.44,0.00
438,0.08,0.00,0.99,0.66,0.28,0.04,2.69,0.01,1.12,0.01,52.31,39.41,1.30,0.13,0.50,0.48,0.00
439,0.43,0.00,0.84,0.12,0.01,0.00,0.06,0.17,0.12,0.21,0.02,89.53,0.65,5.43,0.40,2.01,0.00
440,3.43,0.00,0.21,0.15,0.02,0.00,0.14,0.01,0.02,0.00,0.01,89.48,0.10,0.75,0.23,5.46,0.00
441,0.41,0.00,2.44,0.24,0.03,0.01,0.15,0.26,0.02,0.00,0.09,67.95,7.06,15.39,2.12,3.83,0.00
442,2.42,0.00,0.20,0.05,0.00,0.00,0.02,0.05,0.03,0.01,0.01,89.52,0.18,0.30,0.36,6.85,0.00
443,3.26,0.00,9.84,4.82,1.55,0.63,0.42,38.81,17.39,0.93,3.98,6.23,10.95,0.02,1.14,0.05,0.00
444,2.52,0.00,9.08,4.73,1.64,0.79,0.48,27.89,20.91,1.35,3.75,7.87,16.02,0.19,2.70,0.08,0.00
445,2.67,0.00,5.50,1.43,0.44,0.17,0.33,34.54,19.95,3.35,4.50,6.89,18.13,0.63,1.44,0.04,0.00
446,0.57,0.00,3.96,1.02,0.19,0.05,0.26,50.06,26.87,0.47,5.38,4.96,5.27,0.02,0.89,0.03,0.00
447,1.28,0.00,6.83,2.55,0.73,0.26,0.13,43.14,9.24,3.34,4.22,4.51,21.96,0.74,1.01,0.04,0.00
448,2.08,0.00,6.75,2.15,0.81,0.23,0.27,33.00,19.00,4.06,5.96,5.07,13.37,2.98,4.11,0.17,0.00
449,2.95,0.00,8.84,3.78,1.87,0.57,0.24,28.92,21.17,4.00,4.49,7.15,10.65,1.38,3.82,0.16,0.00
450,0.89,0.00,4.20,1.20,0.16,0.07,0.11,46.29,22.63,0.48,6.87,5.62,9.90,0.01,1.54,0.04,0.00
451,0.93,0.00,6.99,2.95,0.62,0.24,0.15,50.91,10.88,2.03,1.91,6.72,14.94,0.21,0.49,0.03,0.00
452,0.55,0.00,3.59,0.28,0.04,0.01,0.00,18.59,1.18,0.22,0.00,16.21,9.75,45.45,1.85,2.27,0.00
453,13.38,0.00,4.01,0.37,0.06,0.01,0.01,46.98,0.00,0.00,0.00,11.20,10.65,9.78,0.39,3.17,0.00
454,9.04,0.00,3.86,0.52,0.17,0.06,0.05,0.42,0.02,0.00,0.00,9.10,8.98,61.26,0.57,5.95,0.00
455,3.55,0.00,3.73,0.23,0.04,0.01,0.07,1.34,0.01,0.00,0.00,35.06,19.93,25.34,0.61,10.07,0.00
456,6.75,0.00,4.28,0.47,0.13,0.04,0.10,0.94,0.00,0.00,0.00,2.05,5.31,71.80,0.29,7.82,0.00
457,7.41,0.00,3.57,0.24,0.01,0.00,0.02,0.42,0.05,0.01,0.00,14.38,17.21,49.56,0.49,6.63,0.00
458,1.38,0.00,4.05,0.60,0.12,0.03,0.01,0.27,0.02,0.00,0.00,10.07,3.98,74.08,0.20,5.19,0.01
459,1.27,0.00,3.79,0.80,0.06,0.00,0.33,0.24,0.00,0.00,0.01,17.50,1.43,71.28,0.02,3.25,0.01
460,2.71,0.00,3.95,0.34,0.07,0.02,0.02,0.50,0.04,0.01,0.03,6.85,20.30,57.95,0.24,6.96,0.00
461,5.03,0.00,3.62,0.24,0.02,0.00,0.03,0.64,0.07,0.00,0.00,13.32,35.82,32.47,0.63,8.11,0.00
462,11.72,0.00,3.65,0.31,0.08,0.02,0.02,0.66,0.00,0.00,0.03,23.07,8.64,49.16,0.03,2.61,0.00
463,0.54,0.00,3.74,0.41,0.10,0.02,0.08,3.84,0.00,0.00,0.03,22.68,19.78,47.69,0.10,1.00,0.00
464,1.08,0.00,4.70,0.69,0.35,0.11,0.06,0.40,0.00,0.00,0.07,21.53,10.51,58.59,0.02,1.89,0.00
465,1.98,0.00,4.11,0.49,0.23,0.06,0.04,0.61,0.00,0.00,0.02,9.76,29.03,51.92,0.02,1.72,0.00
466,2.95,0.00,4.28,0.54,0.20,0.05,0.15,1.10,0.00,0.00,0.00,1.93,14.14,65.08,0.30,9.27,0.00
467,0.37,0.00,5.49,0.96,0.45,0.15,0.05,1.07,0.01,0.16,0.07,3.93,5.81,80.44,0.08,0.95,0.00
468,1.48,0.00,5.28,1.29,0.48,0.14,0.07,1.68,0.01,0.11,0.03,2.07,2.21,82.37,0.71,2.08,0.00
469,0.55,0.00,5.62,2.08,0.63,0.20,0.05,2.64,0.04,0.00,0.00,4.63,3.83,77.72,1.50,0.49,0.00
470,6.02,0.00,4.69,2.02,0.99,0.64,0.09,1.46,0.02,0.03,0.03,2.82,2.48,70.14,3.86,4.70,0.00
471,0.32,0.00,5.09,1.23,0.19,0.05,0.01,1.52,0.01,0.01,0.02,3.51,8.87,78.18,0.33,0.65,0.00
472,1.01,0.00,5.14,2.34,0.67,0.23,0.06,9.47,0.04,0.03,0.20,4.77,20.36,53.61,1.47,0.61,0.00
473,2.26,0.00,6.52,3.00,1.51,0.45,0.14,12.30,0.76,0.11,0.39,2.85,15.67,52.65,0.74,0.63,0.00
474,0.91,0.00,4.97,4.07,1.51,0.66,0.05,7.56,0.02,0.01,0.03,11.63,3.91,63.45,1.04,0.18,0.00
475,1.09,0.00,3.86,1.42,0.45,0.19,0.01,7.88,0.04,0.08,0.09,24.10,15.47,44.48,0.76,0.09,0.00
476,6.66,0.00,3.86,3.08,1.02,0.43,0.22,2.03,0.00,0.01,0.00,9.84,0.22,68.31,3.83,0.49,0.00
477,0.73,0.00,3.72,0.79,0.08,0.03,0.01,2.79,0.01,0.00,0.00,21.12,1.36,68.70,0.58,0.08,0.00
478,0.93,0.00,4.02,1.28,0.32,0.16,0.08,2.64,0.00,0.00,0.00,26.57,0.17,62.17,1.49,0.17,0.00
479,0.47,0.00,6.13,1.76,0.50,0.20,0.02,12.08,0.23,0.01,0.02,15.10,11.89,50.86,0.15,0.57,0.00
480,1.11,0.00,4.82,1.06,0.36,0.13,0.01,0.85,0.06,0.04,0.00,0.30,1.53,87.01,1.47,1.24,0.00
481,0.92,0.00,3.79,0.51,0.06,0.01,0.04,5.33,0.15,0.09,0.12,5.47,7.82,65.44,4.05,6.21,0.00
482,2.20,0.00,4.67,1.08,0.42,0.09,0.01,0.72,0.07,0.00,0.00,0.07,1.24,88.55,0.83,0.06,0.00
483,1.92,0.00,3.88,0.77,0.08,0.02,0.02,7.06,0.21,0.00,0.19,1.33,9.41,60.14,2.77,12.21,0.00
484,14.92,0.00,1.12,0.17,0.03,0.01,0.02,3.77,0.62,0.01,0.61,0.98,2.88,7.31,45.91,21.63,0.01
485,1.39,0.00,1.31,0.49,0.20,0.06,0.03,21.79,2.67,6.27,4.95,1.33,3.99,0.83,47.00,7.67,0.00
486,1.48,0.00,2.28,0.60,0.08,0.02,0.83,1.70,65.07,3.77,16.78,5.23,0.85,0.34,0.89,0.10,0.00
487,0.27,0.01,0.95,0.50,0.07,0.02,0.78,0.08,78.34,0.08,15.59,2.82,0.00,0.00,0.41,0.05,0.00
488,1.88,0.00,0.50,0.27,0.09,0.02,1.72,0.01,83.65,0.00,8.07,3.23,0.00,0.01,0.41,0.15,0.00
489,2.51,9.05,0.27,0.11,0.05,0.02,27.85,0.04,41.33,0.01,13.59,4.56,0.02,0.00,0.22,0.37,0.00
490,0.74,0.00,0.45,0.05,0.01,0.00,1.42,0.00,87.43,0.01,8.25,1.52,0.01,0.00,0.01,0.09,0.00
491,1.30,0.00,0.71,0.11,0.03,0.01,1.28,0.12,80.22,0.23,13.53,2.00,0.03,0.03,0.03,0.38,0.00
492,0.92,0.00,1.30,0.36,0.11,0.02,2.05,0.18,63.85,0.11,24.80,3.96,0.58,0.90,0.01,0.85,0.00
493,0.10,0.00,2.47,0.44,0.10,0.02,0.03,2.32,67.05,0.47,22.87,3.89,0.04,0.08,0.00,0.11,0.00
494,1.38,0.00,3.04,0.79,0.40,0.20,0.37,41.58,10.70,16.69,3.90,1.13,7.65,1.87,9.31,1.00,0.00
495,3.43,0.00,3.29,1.65,0.55,0.15,0.86,21.85,10.58,3.98,1.93,3.75,2.55,1.76,39.79,3.86,0.00
496,9.66,0.00,4.05,2.28,0.71,0.22,1.51,17.32,8.56,3.80,2.80,5.01,1.85,3.48,36.18,2.57,0.00
497,2.48,0.00,4.17,1.49,0.15,0.02,0.23,29.66,7.65,3.43,3.51,7.18,6.17,6.92,24.88,2.05,0.00
498,0.69,0.00,4.36,1.10,0.10,0.01,0.07,52.05,7.74,4.21,3.57,7.46,1.22,4.60,11.88,0.93,0.00
499,2.87,0.00,5.56,1.81,0.29,0.08,0.12,28.72,16.37,4.50,7.57,9.29,3.05,4.42,13.50,1.86,0.00
500,1.69,0.00,4.67,2.05,0.38,0.13,0.19,32.86,5.53,1.68,2.55,6.88,10.60,17.76,11.39,1.65,0.00
501,1.97,0.00,4.25,1.23,0.14,0.04,0.11,41.31,11.49,7.10,3.63,6.10,1.77,7.48,11.14,2.23,0.00
502,1.44,0.00,4.80,2.92,0.64,0.16,0.34,24.42,6.70,2.49,3.11,6.24,7.02,10.32,25.61,3.80,0.00
503,7.29,0.00,3.01,0.45,0.15,0.06,0.03,36.01,2.29,2.46,3.68,1.83,9.47,2.27,21.56,9.43,0.00
504,5.68,0.00,5.04,0.21,0.07,0.02,0.04,42.54,10.34,10.01,8.79,3.75,2.39,1.33,6.16,3.62,0.00
505,2.84,0.00,2.45,0.68,0.25,0.10,0.17,54.47,6.74,14.22,1.89,0.97,0.74,1.26,12.28,0.96,0.00
506,7.66,0.00,3.80,0.30,0.09,0.03,0.06,41.56,6.61,9.84,3.96,0.84,3.28,1.34,19.88,0.75,0.00
507,3.81,0.00,3.14,0.28,0.02,0.00,0.00,61.48,0.59,1.45,1.07,1.01,4.75,11.73,9.05,1.62,0.00
508,2.10,0.00,2.86,0.43,0.05,0.02,0.01,46.80,1.04,4.71,2.69,1.35,2.06,11.48,20.82,3.60,0.00
509,2.45,0.00,3.19,0.25,0.03,0.00,0.01,53.71,1.95,11.53,1.22,1.02,0.46,5.64,16.49,2.04,0.00
510,12.50,0.00,3.82,0.54,0.12,0.05,0.04,25.05,4.17,13.10,2.01,1.00,0.15,1.80,30.38,5.27,0.00
511,3.51,0.00,2.94,0.29,0.04,0.02,0.02,48.62,3.62,6.06,1.64,1.13,0.24,3.06,26.55,2.25,0.00
512,3.06,0.00,4.11,0.73,0.24,0.10,0.11,37.92,4.06,7.74,1.96,2.79,1.53,4.72,28.65,2.28,0.00
513,0.53,0.00,2.67,0.71,0.06,0.01,0.16,24.89,4.57,7.07,1.93,2.41,5.59,2.87,44.94,1.58,0.00
514,8.07,0.00,3.77,1.70,1.19,0.40,11.62,28.72,2.99,10.77,10.83,1.88,2.27,0.28,12.71,2.81,0.00
515,14.79,0.00,0.88,0.10,0.04,0.01,0.05,14.66,16.97,19.24,6.79,1.63,0.07,0.04,22.20,2.51,0.01
516,2.46,0.00,2.08,0.35,0.08,0.02,0.22,17.02,3.23,7.32,5.22,0.94,5.63,1.39,44.44,9.60,0.00
517,4.07,0.00,1.92,0.38,0.19,0.07,0.22,17.51,11.11,11.05,7.98,1.34,1.45,0.07,39.07,3.56,0.00
518,11.01,0.00,3.13,0.48,0.09,0.02,0.05,47.69,5.56,0.93,4.28,2.04,5.73,2.69,10.49,5.81,0.00
519,13.38,0.00,2.79,0.45,0.14,0.05,0.11,34.24,7.87,2.71,2.53,0.91,7.84,1.14,18.49,7.36,0.00
520,8.96,0.00,2.46,0.55,0.16,0.06,0.34,24.19,7.98,12.82,8.44,1.89,2.02,0.22,26.07,3.85,0.00
521,1.79,0.00,2.85,1.31,0.65,0.20,0.20,35.79,15.71,16.77,6.44,0.61,0.99,0.08,15.87,0.74,0.00
522,3.63,0.00,2.63,0.79,0.20,0.07,0.30,41.78,8.93,14.34,2.45,2.08,3.22,1.66,16.13,1.79,0.00
523,2.93,0.00,2.52,0.33,0.08,0.04,0.23,36.20,10.43,12.28,3.24,2.41,0.42,0.42,26.81,1.66,0.00
524,4.18,0.00,2.70,0.81,0.48,0.20,1.26,42.32,8.23,18.28,2.19,2.59,0.11,0.05,16.11,0.49,0.00
525,2.35,0.00,2.59,0.45,0.07,0.01,0.33,41.11,16.02,4.33,5.05,4.59,0.09,0.09,20.90,2.03,0.00
526,1.02,0.00,1.41,0.31,0.06,0.01,0.03,8.67,9.38,1.31,1.15,1.68,0.11,0.04,57.19,17.65,0.00
527,0.29,0.00,3.88,1.71,0.60,0.22,0.42,17.46,8.21,5.60,1.59,3.33,13.88,9.30,29.22,4.29,0.00
528,6.18,0.00,9.51,6.68,4.74,2.36,0.08,29.07,1.38,1.05,0.60,2.43,20.86,10.40,1.68,2.97,0.00
529,1.19,0.00,4.60,1.65,0.47,0.20,0.02,31.60,1.52,1.34,0.70,1.24,8.26,40.86,4.72,1.65,0.00
530,4.59,0.00,5.06,1.84,0.46,0.19,0.06,27.19,7.60,4.51,2.81,6.88,2.64,20.05,9.18,6.94,0.00
531,2.66,0.00,4.22,1.28,0.19,0.06,0.06,25.81,4.04,2.21,0.24,0.48,6.15,38.01,9.30,5.30,0.00
532,0.74,0.00,3.60,0.53,0.10,0.02,0.01,39.09,1.43,3.60,0.64,1.01,5.90,16.25,26.41,0.65,0.00
533,1.73,0.00,4.43,1.94,0.45,0.12,0.16,15.97,1.15,1.57,0.47,0.79,14.83,36.57,16.33,3.47,0.00
534,1.36,0.00,4.62,2.92,0.51,0.14,0.59,11.76,0.24,3.66,0.75,0.38,36.83,15.29,20.08,0.87,0.00
535,4.54,0.00,8.51,5.52,3.54,1.33,0.07,17.09,1.79,0.08,0.63,3.77,13.59,26.86,1.45,11.22,0.00
536,8.13,0.00,6.28,4.59,2.53,0.88,0.15,9.18,0.23,0.03,2.33,1.95,16.37,43.39,0.33,3.63,0.00
537,13.14,0.00,4.51,0.75,0.25,0.08,0.05,19.23,1.01,0.03,0.78,4.47,14.33,35.45,0.74,5.17,0.00
538,3.18,0.00,3.77,1.61,0.48,0.13,0.03,14.53,0.57,0.08,0.66,3.04,27.54,35.23,2.87,6.28,0.00
539,2.27,0.00,4.15,0.55,0.20,0.05,0.05,17.42,3.03,0.04,2.79,3.88,19.67,33.00,2.94,9.95,0.00
540,11.22,0.00,5.71,3.46,1.11,0.38,1.54,30.40,3.68,2.16,1.48,8.94,3.76,15.20,9.60,1.36,0.00
541,4.73,0.00,4.68,2.04,0.33,0.05,0.11,36.89,9.02,2.11,4.08,13.27,0.69,4.20,15.81,2.01,0.00
542,0.11,0.00,3.78,1.72,0.25,0.05,0.03,11.50,0.10,0.01,0.54,0.63,31.36,49.45,0.17,0.30,0.00
543,2.88,0.00,3.82,1.55,0.35,0.11,0.05,35.47,0.91,0.21,0.76,4.12,17.16,29.33,2.27,1.04,0.00
544,0.13,0.00,4.51,2.69,0.72,0.22,0.07,6.07,0.07,0.00,0.01,11.94,14.53,58.57,0.38,0.10,0.00
545,0.47,0.00,5.48,5.10,1.32,0.53,0.10,7.64,0.15,0.09,0.75,1.19,16.90,57.89,1.26,1.15,0.00
546,3.52,0.00,9.99,11.65,4.80,1.81,0.58,13.03,0.31,1.04,0.55,1.38,10.76,30.77,7.27,2.55,0.00
547,3.51,0.00,4.13,3.95,1.23,0.40,0.22,7.12,0.25,0.22,0.38,0.38,16.04,49.68,3.96,8.53,0.00
548,9.56,0.00,5.19,6.74,3.01,1.08,0.27,5.08,0.06,0.81,0.41,0.55,24.61,33.16,6.15,3.31,0.00
549,0.61,0.00,4.11,3.90,1.09,0.36,0.07,4.42,0.00,0.01,0.01,0.43,3.02,81.53,0.41,0.02,0.00
550,1.58,0.00,7.80,28.86,29.86,18.17,0.77,2.42,0.08,0.17,0.73,1.26,0.89,3.32,3.74,0.35,0.00
551,0.68,0.00,2.37,2.41,0.54,0.16,0.06,3.78,0.15,0.07,0.76,1.88,1.65,77.97,6.60,0.93,0.00
552,1.27,0.00,3.76,3.39,0.64,0.24,0.09,10.63,0.20,0.03,0.09,1.71,1.98,74.77,1.06,0.15,0.00
553,0.61,0.00,10.79,14.33,11.68,4.82,0.44,6.70,0.03,0.65,0.27,3.21,5.03,35.85,3.48,2.12,0.00
554,1.19,0.00,11.33,26.83,11.59,4.82,0.30,7.21,0.09,0.80,0.88,3.19,5.27,23.37,2.83,0.29,0.00
555,0.70,0.00,4.53,3.09,0.79,0.27,0.08,10.30,0.06,0.04,0.09,0.54,8.56,70.30,0.45,0.20,0.00
556,0.91,0.00,6.49,3.17,1.04,0.45,0.11,8.99,0.07,0.05,0.20,0.95,6.63,69.09,1.54,0.30,0.00
557,0.85,0.00,8.61,5.64,2.57,1.08,0.07,11.16,0.12,0.23,0.12,0.94,6.99,61.34,0.18,0.10,0.00
558,1.14,0.00,9.30,5.04,1.90,0.70,0.07,11.40,0.15,0.02,0.00,1.49,10.64,57.89,0.00,0.25,0.00
559,0.75,0.00,6.75,2.97,1.18,0.48,0.14,36.78,1.05,0.18,0.43,1.50,13.69,33.98,0.05,0.07,0.00
560,0.40,0.00,4.08,1.72,0.51,0.21,0.02,3.68,0.01,0.55,0.00,0.73,5.47,82.50,0.04,0.06,0.00
561,0.67,0.00,6.45,2.35,0.75,0.31,0.00,12.78,0.07,0.01,0.04,1.22,9.45,65.75,0.05,0.11,0.00
562,3.38,0.00,6.09,2.33,0.67,0.31,0.11,9.49,0.25,0.01,0.59,0.50,7.21,61.03,6.91,1.12,0.00
563,1.97,0.00,6.95,5.44,1.75,0.85,0.27,11.04,0.44,0.27,0.48,1.30,11.00,47.25,10.56,0.43,0.00
564,1.04,0.00,5.34,1.20,0.18,0.07,0.04,9.80,0.17,0.00,0.34,1.05,3.13,75.94,1.20,0.51,0.00
565,2.71,0.00,7.35,5.90,2.18,0.92,1.17,24.62,4.07,2.27,1.53,6.61,4.11,24.16,10.87,1.55,0.00
566,1.22,0.00,6.06,5.75,1.98,0.75,0.54,14.42,0.44,0.41,0.27,1.56,13.00,44.37,9.06,0.18,0.00
567,1.22,0.00,7.17,5.20,2.01,0.89,0.35,13.50,0.57,0.38,0.18,0.74,17.75,39.80,9.95,0.28,0.00
568,3.28,0.00,10.47,6.38,2.32,0.97,0.53,22.07,0.85,0.84,0.21,1.18,15.90,19.44,14.30,1.26,0.00
569,0.70,0.00,7.91,7.70,6.69,2.85,0.33,6.55,0.05,0.08,0.09,0.97,3.91,59.08,2.40,0.70,0.00
570,0.91,0.00,11.12,11.64,6.97,3.27,0.38,16.64,0.58,0.06,0.11,1.68,4.73,39.33,2.18,0.40,0.00
571,1.15,0.00,5.30,2.36,0.55,0.23,0.44,7.38,0.03,0.00,0.00,0.66,0.86,78.68,1.59,0.75,0.00
572,2.27,0.00,7.01,4.89,1.86,0.87,1.14,6.86,0.07,0.00,0.01,1.37,1.25,66.66,0.16,5.56,0.00
573,0.62,0.00,4.72,4.00,1.11,0.41,0.20,13.81,0.80,0.52,0.56,1.58,10.80,50.16,9.98,0.73,0.00
574,0.27,0.00,1.97,0.42,0.13,0.02,0.03,70.07,7.42,8.71,1.06,0.15,6.83,1.16,1.55,0.21,0.00
575,5.72,0.00,0.52,0.05,0.02,0.00,0.08,59.35,14.79,10.14,3.35,0.12,0.04,0.02,5.06,0.73,0.00
576,3.03,0.00,0.87,0.10,0.02,0.00,0.16,53.59,19.33,4.91,4.58,0.83,1.65,0.44,9.84,0.66,0.00
577,6.97,0.00,2.84,0.61,0.16,0.03,0.27,33.07,32.13,17.02,1.25,0.69,0.48,0.44,3.85,0.20,0.00
578,6.19,0.00,1.57,0.24,0.07,0.02,0.07,47.72,26.40,10.29,1.74,0.30,0.25,0.12,4.47,0.56,0.00
579,2.38,0.00,0.16,0.01,0.00,0.00,0.02,63.93,8.57,1.99,5.10,0.78,1.44,0.30,14.14,1.19,0.00
580,0.73,0.00,1.10,0.24,0.05,0.01,0.07,43.06,13.82,2.92,6.82,2.33,15.11,5.53,7.73,0.49,0.00
581,1.12,0.00,2.69,0.42,0.07,0.01,0.12,49.51,9.28,26.50,1.93,0.22,2.75,0.06,4.57,0.75,0.00
582,1.63,0.00,7.03,3.54,2.46,0.62,0.39,31.30,9.99,5.75,1.88,0.65,19.31,3.11,10.50,1.83,0.00
583,0.73,0.00,2.75,0.76,0.20,0.03,0.11,50.57,10.57,24.97,1.17,0.36,3.86,0.77,2.88,0.25,0.00
584,3.09,0.00,3.98,0.78,0.25,0.04,0.16,58.36,5.47,17.44,0.59,0.15,2.26,0.15,6.74,0.55,0.00
585,2.72,0.00,5.06,1.29,0.53,0.11,0.15,64.87,5.94,6.80,0.87,0.24,5.64,0.46,4.83,0.48,0.00
586,0.47,0.00,3.59,1.49,0.60,0.09,0.10,33.93,24.19,21.99,1.52,0.30,8.04,1.66,1.79,0.25,0.00
587,2.42,0.00,4.39,1.81,0.71,0.16,0.41,30.03,23.28,21.44,2.03,0.38,4.26,0.50,7.24,0.94,0.00
588,0.51,0.00,12.94,3.24,1.07,0.32,0.19,51.72,0.17,1.24,5.10,0.44,7.72,10.28,4.90,0.16,0.00
589,5.08,0.00,9.93,3.04,1.30,0.35,0.44,64.63,1.37,2.29,0.57,0.40,1.55,0.59,8.03,0.43,0.00
590,0.12,0.00,0.19,0.04,0.03,0.01,0.94,18.46,56.25,19.94,2.66,0.53,0.01,0.00,0.76,0.04,0.02
591,1.00,0.00,3.31,1.64,0.50,0.07,0.05,35.05,11.53,16.80,1.09,0.31,17.34,5.86,4.55,0.89,0.02
592,1.97,0.00,4.10,1.93,0.72,0.18,0.17,24.53,17.70,25.18,3.19,0.47,9.34,6.29,4.01,0.21,0.01
593,4.03,0.00,0.80,0.23,0.07,0.01,0.57,29.09,19.35,27.05,10.48,1.16,0.15,0.27,6.31,0.40,0.02
594,1.51,0.00,2.81,1.08,0.38,0.08,0.12,32.01,14.76,34.03,4.18,0.81,1.96,1.74,4.32,0.20,0.00
595,8.08,0.00,7.60,5.31,2.80,0.70,0.39,10.70,18.13,16.89,2.93,0.56,7.70,12.15,4.97,1.09,0.00
596,0.34,0.00,1.28,0.59,0.18,0.03,0.18,42.96,18.03,29.03,4.59,0.76,0.13,0.19,1.57,0.13,0.00
597,2.86,0.00,2.88,1.10,0.28,0.05,0.21,27.29,21.18,33.40,1.74,0.36,2.79,0.56,4.73,0.58,0.00
598,10.75,0.00,4.18,1.49,0.49,0.13,0.27,17.50,13.90,34.63,4.39,0.52,2.47,0.87,7.48,0.91,0.00
599,1.92,0.00,2.78,1.10,0.32,0.06,0.23,32.25,18.18,27.46,4.82,0.85,2.35,0.81,6.23,0.63,0.00
600,1.39,0.00,0.09,0.05,0.01,0.00,0.72,3.11,42.71,16.72,13.77,1.82,0.00,0.00,18.00,1.59,0.01
601,17.27,0.00,0.40,0.16,0.05,0.01,1.54,5.72,29.23,21.15,11.17,0.81,0.00,0.00,11.04,1.46,0.00
602,1.80,0.00,0.14,0.04,0.01,0.00,0.78,23.01,21.50,33.77,10.64,1.25,0.02,0.09,6.52,0.40,0.02
603,0.51,0.00,0.02,0.01,0.00,0.00,0.85,19.54,32.51,25.90,10.92,1.45,0.00,0.02,7.69,0.52,0.05
604,1.55,0.00,4.71,1.89,0.76,0.12,0.27,40.35,8.69,4.70,3.98,0.19,22.35,3.95,5.27,1.22,0.00
605,0.63,0.00,1.60,0.19,0.04,0.01,0.02,76.87,6.76,10.86,0.15,0.27,1.17,0.20,1.15,0.09,0.00
606,1.85,0.00,0.85,0.15,0.05,0.02,0.04,47.80,24.70,21.42,0.73,0.16,0.04,0.06,1.96,0.17,0.00
607,3.17,0.00,14.49,13.82,9.45,2.54,0.50,25.16,5.89,2.38,1.57,1.07,7.36,3.97,7.93,0.70,0.00
608,5.53,0.00,5.94,2.23,0.90,0.22,0.25,43.76,10.62,11.78,1.58,0.43,5.35,0.41,10.20,0.80,0.00
609,3.33,0.00,10.39,6.45,4.63,1.63,0.36,48.74,3.74,2.80,1.33,0.40,5.54,0.50,9.28,0.89,0.00
610,3.06,0.00,12.06,17.95,31.61,15.80,0.39,8.43,1.93,0.27,0.20,0.56,0.51,0.05,4.79,2.39,0.00
611,4.23,0.00,9.75,10.36,11.12,4.54,0.85,19.33,7.23,3.75,0.57,2.04,4.61,2.04,17.33,2.26,0.00
612,2.39,0.00,9.28,7.71,4.15,1.43,0.92,12.91,12.84,16.68,2.22,0.99,7.37,1.07,14.46,5.57,0.00
613,3.20,0.00,18.84,14.89,16.74,9.91,0.79,21.30,1.47,1.55,0.46,0.89,1.65,0.45,5.36,2.51,0.00
614,2.86,0.00,9.03,8.70,7.13,2.05,0.67,22.17,14.89,11.58,2.38,0.59,4.54,0.74,10.97,1.70,0.00
615,4.07,0.00,10.49,6.77,3.77,1.50,0.43,25.88,6.85,4.79,2.66,0.25,14.97,6.79,9.49,1.30,0.00
616,1.33,0.66,0.00,0.00,0.00,0.00,70.61,0.01,1.84,0.00,16.67,8.69,0.00,0.00,0.00,0.18,0.00
617,1.05,0.00,0.32,0.14,0.02,0.00,10.69,0.01,37.87,0.00,47.47,2.18,0.00,0.00,0.00,0.24,0.00
618,3.22,0.00,0.73,0.32,0.08,0.01,0.49,0.08,67.76,0.08,26.09,0.93,0.00,0.00,0.00,0.21,0.00
619,0.39,0.00,1.18,0.21,0.07,0.02,0.10,0.83,79.71,1.72,13.53,1.29,0.65,0.05,0.00,0.26,0.00
620,1.15,0.00,2.36,0.50,0.15,0.06,0.09,2.94,74.71,2.85,11.96,3.24,0.00,0.00,0.00,0.01,0.00
621,7.62,0.00,1.04,0.94,0.23,0.06,0.18,0.09,43.32,0.05,42.12,3.85,0.01,0.01,0.01,0.48,0.00
622,1.78,0.00,0.95,0.19,0.01,0.00,0.08,0.22,72.83,0.63,22.04,1.01,0.00,0.00,0.00,0.26,0.00
623,0.30,0.00,2.09,0.50,0.10,0.03,0.01,2.60,56.88,5.28,26.47,5.42,0.01,0.02,0.00,0.29,0.00
624,0.35,0.00,0.38,0.22,0.08,0.02,0.77,0.36,32.66,0.15,58.21,6.49,0.04,0.01,0.13,0.13,0.00
625,0.00,0.00,0.28,0.06,0.01,0.00,0.75,0.02,1.67,0.04,89.02,8.11,0.00,0.00,0.04,0.01,0.00
626,1.16,0.00,0.06,0.01,0.00,0.00,22.87,0.08,36.81,0.02,33.46,5.04,0.00,0.00,0.01,0.49,0.00
627,0.41,0.00,0.11,0.01,0.00,0.00,3.47,0.01,69.11,0.00,25.47,1.14,0.00,0.00,0.00,0.27,0.00
628,0.80,0.00,0.47,0.03,0.00,0.00,0.66,0.44,68.03,0.42,27.42,1.56,0.00,0.00,0.01,0.15,0.00
629,0.36,0.00,0.68,0.09,0.01,0.00,0.14,2.96,57.30,0.93,34.84,2.65,0.00,0.00,0.00,0.03,0.00
630,0.09,0.00,1.43,0.60,0.23,0.06,0.25,1.99,15.27,0.76,51.05,26.93,0.51,0.30,0.11,0.42,0.00
631,0.89,0.00,3.85,0.94,0.31,0.09,0.15,38.53,7.21,12.74,1.95,0.81,19.27,10.00,2.55,0.72,0.00
632,1.78,0.00,4.57,0.85,0.27,0.07,0.13,46.63,6.17,14.11,0.93,0.39,15.93,3.66,3.78,0.70,0.00
633,1.98,0.00,3.29,0.52,0.13,0.03,0.31,63.98,7.37,11.20,0.65,0.59,5.93,1.13,2.76,0.14,0.00
634,3.41,0.00,4.28,1.03,0.32,0.10,0.10,26.45,2.65,6.53,6.65,0.70,24.71,18.83,3.40,0.85,0.00
635,0.23,0.00,2.59,0.46,0.15,0.03,0.11,51.00,6.35,7.13,3.60,0.56,21.49,5.73,0.46,0.10,0.00
636,0.34,0.00,4.18,0.83,0.17,0.04,0.10,35.40,5.50,5.16,2.61,0.37,22.91,17.58,3.99,0.83,0.00
637,4.52,0.00,5.14,2.88,0.41,0.14,0.02,37.81,0.76,0.03,2.30,3.36,10.77,24.77,6.69,0.42,0.00
638,1.24,0.00,8.48,4.88,1.46,0.53,0.12,34.75,1.59,0.68,0.97,1.61,16.48,24.20,2.73,0.27,0.00
639,1.12,0.00,19.46,11.94,3.07,0.84,0.03,48.53,1.03,0.09,0.25,4.26,3.37,3.86,2.09,0.06,0.00
640,3.58,0.00,21.33,18.63,7.94,3.65,0.25,20.61,0.64,0.05,0.18,2.40,9.16,8.87,2.52,0.19,0.00
641,2.27,0.00,9.00,1.13,0.43,0.19,0.24,67.57,5.68,1.83,0.70,0.31,0.48,0.21,9.52,0.43,0.00
642,3.37,0.00,6.73,1.03,0.26,0.07,0.14,60.94,5.92,13.09,1.01,0.20,1.45,0.31,5.16,0.33,0.00
643,0.42,0.00,1.79,0.23,0.06,0.01,0.33,61.63,3.02,20.04,4.15,0.56,3.91,1.35,2.04,0.46,0.00
644,0.64,0.00,2.07,0.45,0.17,0.05,0.28,61.94,4.92,17.10,4.61,0.86,4.23,1.08,1.37,0.23,0.00
645,12.99,0.00,6.40,5.94,5.76,4.90,0.73,3.03,0.70,1.22,1.18,0.61,2.85,12.76,16.06,24.86,0.00
646,6.14,0.00,7.36,3.91,1.74,0.71,0.37,2.54,6.01,1.46,4.42,1.16,3.95,25.01,26.19,9.03,0.00
647,3.67,0.00,1.44,0.19,0.02,0.01,0.14,0.03,2.75,0.04,1.57,0.77,0.35,14.82,66.94,7.26,0.00
648,6.16,0.00,6.56,5.33,2.93,1.00,3.80,2.53,2.87,1.44,1.64,0.36,3.60,13.70,17.58,30.49,0.00
649,0.60,0.00,5.86,1.39,0.59,0.18,0.15,5.03,17.40,2.91,13.85,4.92,3.26,23.73,18.84,1.28,0.00
650,1.01,0.00,6.99,2.90,1.34,0.53,0.13,7.64,3.33,2.13,2.50,0.49,11.61,38.92,19.34,1.13,0.00
651,6.77,0.00,7.54,7.01,2.78,0.54,6.58,0.09,6.17,0.22,3.87,1.25,0.07,1.73,11.43,43.95,0.00
652,1.37,0.00,4.69,2.18,0.66,0.18,0.41,0.50,21.93,1.25,13.65,3.91,2.94,12.67,31.31,2.37,0.00
653,4.40,0.00,2.22,0.67,0.27,0.10,0.41,0.57,8.41,0.63,6.34,2.00,0.93,6.74,62.35,3.95,0.00
654,1.20,0.00,16.04,9.30,4.24,1.37,0.24,18.67,1.33,0.94,3.74,0.71,18.49,18.94,4.57,0.22,0.00
655,1.88,0.00,14.89,6.45,3.18,0.77,0.64,45.48,1.63,0.95,3.92,0.59,7.66,7.92,3.83,0.21,0.00
656,1.08,0.00,14.24,5.48,2.47,0.83,0.15,31.46,2.29,2.45,1.87,0.31,23.30,12.81,1.14,0.11,0.00
657,1.58,0.00,13.70,10.96,5.92,2.77,0.89,6.39,0.25,0.39,1.95,0.27,22.03,31.91,0.88,0.12,0.00
658,4.74,0.00,30.16,20.68,19.75,8.59,0.18,8.05,0.13,0.19,0.20,0.05,0.06,0.23,6.57,0.42,0.00
659,2.08,0.00,19.35,10.87,5.73,2.31,0.07,6.81,0.05,0.15,0.44,0.34,0.73,0.99,46.87,3.21,0.00
660,7.69,0.00,5.06,10.67,26.19,28.56,1.61,0.79,0.02,0.00,0.56,1.98,0.17,0.07,8.47,8.15,0.00
661,2.34,0.00,4.80,1.87,0.70,0.23,0.09,9.44,7.61,3.73,9.09,1.33,32.48,14.13,10.43,1.75,0.00
662,1.17,0.00,4.33,1.34,0.46,0.15,0.10,15.17,18.41,7.49,11.38,2.44,12.31,7.74,16.32,1.19,0.00
663,0.87,0.00,6.09,3.46,1.23,0.45,0.89,13.29,25.17,4.14,9.08,13.03,4.76,6.97,10.00,0.57,0.00
664,0.74,0.00,3.91,0.75,0.21,0.07,0.08,19.02,25.21,11.71,13.28,3.98,9.16,2.85,8.58,0.46,0.00
665,2.49,0.00,4.34,0.97,0.25,0.09,0.06,34.30,9.38,4.30,9.58,2.30,11.06,13.81,6.50,0.56,0.00
666,0.58,0.00,4.90,1.09,0.28,0.09,0.29,2.86,32.49,7.53,18.34,5.27,7.89,4.67,13.26,0.45,0.00
667,0.77,0.00,4.76,1.43,0.34,0.15,0.13,6.72,22.70,3.36,9.84,4.78,8.27,24.73,11.13,0.91,0.00
668,0.62,0.00,4.80,1.79,0.46,0.23,0.16,4.32,22.60,4.67,4.50,4.75,6.22,26.68,16.29,1.90,0.00
669,0.87,0.00,4.52,1.29,0.44,0.14,0.13,29.11,16.20,12.50,16.63,2.38,6.81,3.01,5.77,0.20,0.00
670,4.51,0.00,3.46,0.89,0.21,0.08,0.14,42.56,10.12,5.30,16.69,2.72,8.09,3.28,1.79,0.18,0.00
671,0.45,0.00,4.26,1.34,0.34,0.14,0.52,19.10,23.96,5.65,5.25,9.50,6.69,13.58,8.66,0.58,0.00
672,0.52,0.00,5.07,2.03,0.55,0.19,0.14,3.06,18.83,2.05,10.64,5.38,5.69,23.52,20.65,1.66,0.00
673,1.55,0.00,6.75,2.44,0.97,0.35,0.28,13.74,13.41,4.62,9.05,3.53,4.46,23.89,13.57,1.38,0.00
674,4.88,0.00,14.67,10.87,6.19,2.63,0.49,32.46,3.09,3.70,1.74,0.56,3.08,7.91,6.83,0.90,0.00
675,0.68,0.00,6.13,1.60,0.44,0.14,0.33,2.34,25.47,6.58,13.81,7.50,10.03,9.22,13.02,2.71,0.00
676,7.28,0.00,2.74,0.87,0.41,0.18,0.56,5.88,10.71,2.94,5.50,2.40,4.11,7.72,45.91,2.79,0.00
677,0.27,0.00,2.43,0.24,0.06,0.03,0.05,18.99,32.07,15.36,15.12,6.67,2.54,0.55,5.53,0.09,0.00
678,0.59,0.00,2.89,0.77,0.21,0.06,0.03,7.77,32.25,10.99,10.73,2.60,12.35,2.24,16.11,0.42,0.00
679,0.19,0.00,4.41,0.57,0.08,0.01,0.02,79.77,3.81,2.24,0.27,0.09,6.93,1.40,0.18,0.02,0.00
680,0.64,0.00,4.80,0.84,0.09,0.01,0.04,80.74,4.03,4.90,0.39,0.26,2.57,0.57,0.11,0.01,0.00
681,0.27,0.00,6.01,0.57,0.18,0.07,0.08,51.55,6.10,1.69,1.33,1.21,30.65,0.17,0.12,0.01,0.00
682,0.52,0.00,4.60,0.40,0.12,0.03,0.09,79.97,4.63,2.83,0.98,0.89,4.82,0.05,0.06,0.00,0.00
683,0.90,0.00,2.22,0.26,0.04,0.01,0.08,81.41,5.11,4.08,1.12,0.79,3.89,0.03,0.07,0.00,0.00
684,0.04,0.00,10.45,2.85,0.82,0.28,0.16,36.46,7.62,3.55,0.95,1.39,34.18,0.71,0.49,0.03,0.00
685,1.21,0.00,4.16,0.58,0.16,0.05,0.10,73.84,10.28,5.03,1.16,1.05,2.19,0.04,0.13,0.01,0.00
686,0.00,0.00,2.03,0.21,0.04,0.00,0.11,76.82,13.50,4.30,2.35,0.20,0.42,0.00,0.01,0.00,0.00
687,1.63,0.00,16.21,3.82,1.46,0.50,0.22,41.80,7.77,3.69,1.30,2.58,17.77,0.98,0.24,0.02,0.00
688,0.02,0.00,3.01,0.18,0.09,0.02,0.27,83.71,0.85,0.31,2.02,1.09,8.33,0.04,0.06,0.00,0.00
689,0.06,0.00,4.40,0.62,0.21,0.06,0.18,71.18,5.90,2.92,3.66,2.07,8.41,0.15,0.16,0.01,0.00
690,0.11,0.00,2.08,0.23,0.02,0.00,0.01,75.52,7.42,6.38,2.07,1.51,4.57,0.08,0.00,0.00,0.00
691,0.95,0.00,9.14,6.25,2.37,1.05,0.17,21.91,3.22,1.16,0.16,0.11,34.99,18.14,0.27,0.11,0.00
692,1.60,0.00,7.23,3.01,0.89,0.31,0.13,43.12,4.44,3.22,0.24,0.22,24.19,10.90,0.36,0.16,0.00
693,0.53,0.00,3.12,0.49,0.16,0.04,0.13,81.58,4.31,4.40,0.26,0.18,4.09,0.61,0.08,0.01,0.00
694,0.81,0.00,3.91,0.72,0.22,0.06,0.22,74.38,4.67,4.91,0.19,0.18,8.20,1.42,0.07,0.05,0.00
695,2.23,0.00,8.33,7.39,7.20,2.88,4.97,57.65,2.08,2.27,1.74,1.27,0.77,0.73,0.43,0.06,0.00
696,2.67,0.00,9.55,5.07,1.87,0.76,0.37,30.10,6.82,4.94,2.78,5.29,27.08,2.01,0.64,0.05,0.00
697,3.30,0.00,7.64,3.20,1.18,0.56,0.47,30.86,10.45,5.93,4.13,3.50,24.14,3.18,1.36,0.10,0.00
698,0.44,0.00,3.67,1.41,0.51,0.10,0.22,69.72,8.87,4.73,2.73,2.69,4.48,0.19,0.23,0.01,0.00
699,1.41,0.00,3.96,1.40,0.42,0.14,0.13,65.54,6.94,4.48,2.39,2.39,10.14,0.33,0.32,0.01,0.00
700,1.47,0.00,9.31,2.61,1.00,0.27,0.28,17.96,0.21,11.12,0.55,0.19,11.50,24.71,16.26,2.57,0.00
701,1.12,0.00,9.29,3.50,1.54,0.64,0.04,27.50,0.46,10.72,0.42,0.17,16.06,14.91,12.53,1.12,0.00
702,2.43,0.00,12.68,3.74,1.60,0.59,0.19,36.56,4.04,12.61,0.54,0.11,5.92,9.57,9.07,0.36,0.00
703,1.69,0.00,3.44,0.40,0.10,0.02,0.03,61.82,3.63,17.44,1.57,0.48,1.91,0.57,6.73,0.16,0.00
704,0.44,0.00,4.74,2.19,0.59,0.16,0.50,46.26,6.97,11.08,4.00,10.28,12.17,0.45,0.16,0.02,0.00
705,12.83,0.00,5.98,2.77,0.80,0.33,0.25,21.65,5.02,5.74,4.20,3.04,26.69,7.21,3.25,0.24,0.00
706,0.92,0.00,2.88,0.73,0.14,0.02,0.24,73.35,2.20,8.13,1.72,3.07,5.30,1.16,0.14,0.01,0.00
707,0.50,0.00,5.42,2.23,0.57,0.20,0.18,25.06,6.56,9.06,5.49,2.72,35.18,6.30,0.48,0.04,0.00
708,2.50,0.00,3.79,0.64,0.14,0.03,0.38,31.04,20.40,11.27,8.40,5.61,13.16,1.23,1.38,0.03,0.00
709,1.32,0.00,5.08,1.51,0.50,0.12,1.38,29.67,26.25,9.66,10.59,6.56,5.31,0.44,1.58,0.03,0.00
710,0.74,0.00,3.95,0.91,0.35,0.08,1.09,78.41,4.36,3.88,0.27,1.02,3.92,0.72,0.16,0.15,0.00
711,0.88,0.00,6.61,1.28,0.42,0.12,1.79,61.14,5.66,2.12,0.22,0.67,15.55,3.44,0.06,0.04,0.00
712,0.81,0.00,5.78,2.41,0.81,0.21,0.24,59.18,3.31,1.05,0.05,2.24,22.73,0.77,0.15,0.27,0.00
713,0.34,0.00,3.78,1.60,0.64,0.11,2.17,78.18,0.94,1.87,0.28,7.60,2.34,0.12,0.03,0.01,0.00
714,0.25,0.00,4.36,1.51,0.56,0.10,2.33,74.27,0.57,6.03,1.45,7.89,0.66,0.00,0.02,0.01,0.00
715,0.03,0.00,1.16,0.20,0.08,0.01,0.05,5.07,7.70,0.38,26.57,57.66,0.83,0.15,0.12,0.01,0.00
716,1.21,0.00,4.56,0.37,0.12,0.02,3.84,0.00,0.01,1.00,11.83,74.90,0.24,1.31,0.05,0.53,0.00
717,0.06,0.00,9.01,2.07,1.75,0.21,2.35,0.00,0.00,0.06,0.51,35.65,2.04,46.11,0.02,0.15,0.00
718,0.01,0.00,7.00,0.73,0.08,0.02,20.62,0.00,0.00,0.14,19.16,51.89,0.21,0.12,0.01,0.00,0.00
719,0.04,0.00,3.47,0.21,0.04,0.01,12.15,0.00,0.01,1.00,38.66,44.38,0.00,0.03,0.01,0.00,0.00
720,1.73,0.00,1.48,0.48,0.11,0.02,0.12,4.24,5.17,0.09,28.84,57.34,0.03,0.00,0.03,0.33,0.00
721,0.11,0.00,8.48,3.30,2.47,0.37,1.15,0.00,0.43,0.45,3.11,13.28,2.18,60.76,3.21,0.69,0.00
722,0.09,0.00,2.22,0.19,0.04,0.00,0.08,0.01,32.30,16.69,38.93,8.91,0.00,0.08,0.38,0.08,0.00
723,0.16,0.00,3.92,0.51,0.09,0.01,0.13,0.02,48.18,13.33,27.65,5.33,0.12,0.24,0.20,0.10,0.00
724,1.13,0.00,4.01,0.22,0.07,0.01,1.01,0.01,5.00,16.16,45.02,24.50,0.73,0.99,0.43,0.70,0.00
725,0.47,0.00,4.31,1.51,1.00,0.10,0.14,0.00,13.05,18.84,25.39,32.17,0.60,1.40,0.49,0.53,0.00
726,0.09,0.00,6.35,0.76,0.38,0.04,4.83,0.00,0.00,1.65,13.08,62.88,2.64,6.47,0.48,0.34,0.00
727,0.02,0.00,3.53,0.01,0.00,0.00,4.92,0.00,0.04,5.67,34.16,47.97,2.83,0.71,0.06,0.08,0.00
728,0.01,0.00,4.03,0.08,0.01,0.00,5.05,0.00,0.07,0.43,38.42,35.39,3.40,12.54,0.41,0.16,0.00
729,0.49,0.00,5.06,0.01,0.00,0.00,12.26,0.00,0.00,0.01,8.01,67.88,3.91,2.22,0.01,0.14,0.00
730,0.00,0.00,1.67,0.00,0.00,0.00,7.83,0.00,0.06,0.43,51.64,38.17,0.16,0.01,0.00,0.02,0.00
731,0.66,0.00,4.60,0.32,0.05,0.01,0.25,0.00,11.71,7.26,39.68,30.02,1.08,3.71,0.33,0.31,0.00
732,0.42,0.00,11.24,6.71,4.37,0.36,3.47,0.00,1.53,1.47,16.57,17.22,6.95,25.67,1.76,2.26,0.00
733,4.57,0.00,8.87,4.34,3.61,1.15,2.32,3.33,0.25,0.46,2.41,29.15,23.05,8.38,8.09,0.02,0.00
734,3.51,0.00,3.49,1.45,0.86,0.21,0.13,10.15,18.00,0.49,11.88,49.16,0.41,0.16,0.08,0.02,0.00
735,1.06,0.00,1.12,0.17,0.03,0.01,0.02,4.35,20.92,0.02,16.44,55.35,0.03,0.35,0.11,0.02,0.00
736,2.24,0.00,3.45,0.67,0.28,0.05,0.54,2.21,0.64,0.12,3.63,79.01,1.80,4.91,0.42,0.03,0.00
737,0.69,0.00,4.32,1.43,1.00,0.25,0.30,2.01,0.40,1.27,21.86,61.79,2.57,0.68,1.43,0.00,0.00
738,1.90,0.00,2.23,0.30,0.09,0.02,0.21,2.24,4.02,7.31,46.53,34.24,0.34,0.17,0.15,0.27,0.00
739,0.79,0.00,1.84,0.21,0.05,0.01,0.42,1.68,15.16,8.35,62.03,8.27,0.24,0.74,0.12,0.11,0.00
740,0.20,0.00,2.04,0.26,0.19,0.02,0.61,0.27,0.11,0.36,10.62,78.79,0.91,5.47,0.14,0.01,0.00
741,24.59,0.00,8.54,2.85,0.67,0.24,0.13,0.19,1.76,3.06,32.41,16.77,1.31,5.66,0.91,0.90,0.00
742,0.15,0.00,3.42,0.16,0.02,0.00,0.16,2.60,18.00,16.17,46.17,12.21,0.02,0.88,0.03,0.00,0.00
743,0.40,0.00,5.27,1.12,0.30,0.03,0.16,2.84,25.02,11.99,33.39,16.52,0.20,2.49,0.12,0.13,0.00
744,1.30,0.00,11.07,9.25,8.77,1.56,0.29,0.51,2.04,3.16,7.56,25.57,3.16,24.59,0.70,0.49,0.00
745,0.85,0.00,2.90,0.17,0.03,0.00,0.04,3.79,26.84,14.70,31.61,18.04,0.00,1.00,0.02,0.01,0.00
746,0.90,0.00,4.84,2.48,1.13,0.09,0.35,0.46,2.32,1.69,9.77,72.43,0.76,0.04,0.51,2.24,0.00
747,0.95,0.00,9.46,5.97,5.04,0.82,0.12,3.62,14.94,7.21,16.24,33.12,0.52,0.01,0.65,1.31,0.00
748,26.66,0.00,4.24,6.93,8.17,2.43,3.92,0.01,0.10,0.22,0.28,8.82,0.41,11.15,0.24,26.43,0.00
749,0.41,0.00,9.58,11.04,16.12,3.74,0.56,0.02,0.02,0.24,0.21,38.81,9.66,7.77,0.06,1.75,0.00
750,1.39,0.00,7.30,3.86,3.55,0.61,0.05,0.03,2.31,31.20,15.40,33.67,0.03,0.21,0.16,0.22,0.00
751,0.90,0.00,12.57,13.89,36.81,27.77,0.40,0.01,1.37,2.42,1.83,1.92,0.01,0.00,0.09,0.02,0.00
752,0.79,0.00,9.22,21.09,49.08,16.88,0.09,0.01,0.07,0.14,0.15,1.54,0.04,0.05,0.15,0.70,0.00
753,1.12,0.00,13.09,10.56,16.76,2.70,0.23,0.00,0.03,3.84,1.59,46.06,0.93,2.64,0.12,0.34,0.00
754,0.27,0.00,16.17,8.30,7.50,1.56,0.32,0.00,0.04,0.50,1.23,19.61,5.15,37.55,1.16,0.66,0.00
755,0.92,0.00,20.03,10.63,9.78,2.22,0.55,0.00,7.29,5.29,7.77,12.57,0.80,19.99,0.74,1.41,0.00
756,1.33,0.00,15.96,6.93,3.34,0.18,0.01,0.00,13.67,27.07,10.39,19.65,0.07,0.60,0.45,0.35,0.00
757,0.20,0.00,3.44,0.14,0.05,0.01,1.61,0.01,18.12,2.73,37.99,34.12,0.08,0.72,0.45,0.33,0.00
758,0.10,0.00,1.71,0.05,0.01,0.00,0.36,0.00,0.34,13.95,49.94,32.67,0.43,0.17,0.11,0.15,0.00
759,1.03,0.00,6.16,1.24,0.48,0.17,0.18,74.02,1.07,0.06,0.11,0.99,11.79,2.68,0.02,0.01,0.00
760,1.10,0.00,7.31,3.14,1.44,0.50,0.44,66.64,0.89,0.17,0.19,2.12,12.62,3.38,0.05,0.01,0.00
761,1.33,0.00,9.10,4.03,1.90,0.85,0.36,56.73,1.55,1.58,0.16,1.88,13.24,7.14,0.12,0.03,0.00
762,0.82,0.00,3.67,1.78,0.61,0.16,0.11,68.78,1.44,0.34,2.17,3.81,10.97,5.30,0.02,0.01,0.00
763,1.54,0.00,6.51,1.61,0.57,0.22,0.42,53.63,1.35,0.01,0.09,1.61,17.92,14.02,0.43,0.06,0.00
764,0.72,0.00,5.03,2.09,0.66,0.17,0.34,65.21,2.46,2.93,0.72,4.97,12.15,2.50,0.04,0.01,0.00
765,2.18,0.00,4.14,1.25,0.24,0.02,0.24,69.70,1.93,10.04,0.35,4.25,5.35,0.28,0.03,0.00,0.00
766,0.40,0.00,5.20,2.12,0.45,0.06,0.29,64.15,1.73,3.54,0.86,6.28,14.61,0.31,0.00,0.00,0.00
767,1.43,0.00,3.72,0.37,0.13,0.04,0.11,56.61,2.60,0.32,0.33,4.13,19.63,10.23,0.26,0.10,0.00
768,0.65,0.00,6.26,1.43,0.71,0.26,0.25,35.44,1.26,0.16,0.17,1.50,30.88,20.90,0.10,0.02,0.00
769,1.42,0.00,2.73,0.58,0.21,0.06,0.08,71.40,1.59,0.14,0.45,3.26,9.83,6.99,1.18,0.07,0.00
770,1.90,0.00,7.02,3.56,1.82,0.90,0.14,36.57,2.05,0.53,0.40,2.24,36.94,5.64,0.23,0.07,0.00
771,0.23,0.00,7.44,1.91,0.80,0.34,0.07,21.07,1.54,0.12,0.25,0.91,30.71,34.43,0.16,0.03,0.00
772,4.38,0.00,3.48,0.65,0.22,0.09,0.08,59.86,3.80,1.00,2.53,4.24,14.13,3.94,1.47,0.13,0.00
773,3.17,0.00,6.25,2.59,0.82,0.30,0.17,34.42,1.58,1.17,1.97,2.35,31.50,11.62,2.01,0.08,0.00
774,2.16,0.00,7.12,2.86,1.10,0.52,0.11,42.10,4.44,3.49,1.80,1.85,28.84,3.21,0.36,0.04,0.00
775,1.43,0.00,8.35,5.03,1.79,0.73,0.34,17.52,10.04,6.05,2.62,2.68,38.00,5.05,0.33,0.05,0.00
776,0.53,0.00,5.30,1.74,0.39,0.08,0.09,31.94,6.78,6.44,9.07,2.71,29.63,2.13,3.14,0.04,0.00
777,0.58,0.00,4.29,0.68,0.18,0.05,0.06,46.39,6.34,1.82,1.44,3.69,32.96,1.42,0.06,0.04,0.00
778,0.77,0.00,8.31,4.36,2.44,1.02,0.11,13.95,0.48,0.15,0.15,0.56,62.63,5.03,0.02,0.02,0.00
779,2.03,0.00,3.69,1.67,0.12,0.02,0.15,64.30,4.94,0.64,0.01,1.06,15.98,5.12,0.26,0.02,0.00
780,0.77,0.00,4.88,1.63,0.16,0.03,0.20,51.40,2.00,0.07,0.00,0.48,29.30,7.21,1.15,0.72,0.00
781,6.63,0.00,5.22,2.36,0.94,0.45,0.07,14.08,0.33,0.00,0.01,0.12,3.45,60.45,4.79,1.08,0.00
782,1.73,0.00,5.66,1.85,0.40,0.20,0.17,24.98,0.71,0.01,0.04,0.86,6.76,55.95,0.45,0.23,0.00
783,1.29,0.00,5.35,1.18,0.43,0.19,0.30,30.97,2.11,0.01,0.08,2.15,9.07,44.17,1.56,1.16,0.00
784,13.32,0.00,3.16,2.71,1.22,0.58,0.11,3.43,0.10,0.02,0.02,2.10,2.14,55.51,11.49,4.09,0.00
785,12.55,0.00,4.96,5.97,3.19,2.09,0.51,7.33,0.01,0.04,0.04,0.09,3.73,48.36,9.57,1.57,0.00
786,1.38,0.00,4.89,4.63,1.84,0.68,0.23,37.85,0.59,0.52,0.27,1.01,22.79,21.88,1.22,0.23,0.00
787,1.28,0.00,4.16,0.34,0.01,0.00,0.06,84.00,0.15,0.20,0.00,0.02,6.64,2.50,0.53,0.12,0.00
788,0.94,0.00,2.82,0.20,0.08,0.03,0.05,64.84,3.43,0.41,0.44,5.57,14.17,6.21,0.58,0.23,0.00
789,0.56,0.00,3.00,2.89,0.66,0.13,0.02,21.49,0.01,0.00,0.02,0.12,10.52,60.08,0.49,0.02,0.00
790,1.75,0.00,5.80,2.74,0.57,0.15,0.04,20.58,0.05,0.00,0.00,1.10,17.11,48.73,1.24,0.12,0.00
791,0.53,0.00,5.40,1.62,0.20,0.05,0.07,34.01,1.01,0.00,0.00,0.27,35.73,20.46,0.59,0.05,0.00
792,0.73,0.00,3.92,4.17,0.78,0.10,0.29,45.41,0.04,0.14,0.00,0.52,25.54,18.19,0.14,0.04,0.00
793,0.44,0.00,6.68,2.35,0.41,0.11,0.04,23.09,0.02,0.00,0.00,1.15,8.56,56.88,0.26,0.01,0.00
794,7.88,0.00,4.40,0.63,0.28,0.12,0.30,0.88,0.05,0.34,0.20,0.11,0.32,62.79,20.91,0.79,0.00
795,1.50,0.00,4.27,0.54,0.21,0.05,0.02,0.70,0.19,0.30,0.06,0.02,0.50,80.00,11.35,0.29,0.00
796,1.05,0.00,4.67,1.18,0.41,0.14,0.02,0.58,0.04,0.05,0.00,0.04,0.74,85.73,5.18,0.15,0.00
797,3.66,0.00,3.79,0.66,0.29,0.11,0.02,0.51,0.04,0.67,0.24,0.02,0.22,68.07,21.30,0.40,0.00
798,3.63,0.00,5.07,1.06,0.38,0.16,0.03,6.75,2.47,3.84,0.16,0.25,6.39,55.66,13.79,0.36,0.00
799,4.37,0.00,2.90,0.27,0.09,0.03,0.10,1.19,0.58,0.60,0.00,0.03,0.93,49.41,38.95,0.53,0.00
800,1.26,0.00,4.38,0.64,0.19,0.06,0.03,1.05,0.32,0.43,0.01,0.05,0.95,78.69,11.42,0.52,0.00
801,6.64,0.00,4.13,0.90,0.50,0.35,0.14,1.61,1.14,2.34,1.01,0.12,1.20,57.14,21.89,0.89,0.00
802,3.33,0.00,4.40,1.03,0.48,0.19,0.01,0.71,0.61,1.48,0.64,0.10,0.36,69.14,16.52,1.00,0.00
803,1.97,0.00,4.72,0.51,0.15,0.04,0.02,0.76,1.95,3.56,0.50,0.05,0.35,71.98,12.96,0.47,0.00
804,7.77,0.00,3.59,7.19,1.73,1.25,0.53,0.85,0.11,0.60,0.78,0.68,6.59,35.39,29.44,3.48,0.00
805,3.79,0.00,2.16,0.25,0.05,0.00,0.01,1.67,0.17,1.73,0.33,0.11,1.09,36.86,50.85,0.93,0.00
806,3.90,0.00,2.65,1.69,0.21,0.11,0.06,1.67,0.17,0.85,1.17,0.65,5.82,40.31,38.73,2.00,0.00
807,9.27,0.00,1.12,1.47,0.29,0.18,0.14,0.16,0.05,0.08,0.35,0.19,1.24,6.82,71.61,7.04,0.00
808,39.37,0.00,0.42,1.23,0.47,0.25,0.96,0.09,0.03,0.04,0.13,0.12,0.88,0.68,5.38,49.97,0.00
809,0.84,0.00,5.94,1.14,0.41,0.14,0.22,48.69,1.84,3.74,6.51,0.87,12.44,14.54,2.55,0.15,0.00
810,1.40,0.00,6.81,2.91,1.39,0.53,0.10,18.45,4.10,2.02,6.90,0.73,13.18,31.92,9.01,0.55,0.00
811,0.58,0.00,3.58,0.77,0.17,0.05,0.44,17.66,24.19,14.67,16.03,2.53,9.39,2.24,7.47,0.21,0.00
812,1.12,0.00,10.38,8.67,4.41,1.24,0.72,1.53,9.81,1.50,17.20,2.38,9.79,3.40,27.17,0.69,0.00
813,0.99,0.00,6.50,2.73,1.00,0.34,0.48,0.26,24.74,1.16,11.97,3.49,2.81,1.58,37.22,4.73,0.00
814,2.32,0.00,10.03,7.08,4.00,1.20,1.06,0.08,3.92,0.08,5.62,3.26,16.62,11.82,26.29,6.63,0.00
815,6.01,0.00,14.21,6.92,2.75,0.74,0.64,0.12,21.09,0.37,10.50,3.75,15.08,6.47,8.10,3.25,0.00
816,5.16,0.00,7.08,4.16,1.69,0.44,0.28,0.05,10.51,0.24,9.71,2.03,15.50,7.54,26.36,9.26,0.00
817,0.61,0.00,3.76,0.91,0.09,0.04,0.30,0.22,32.86,1.01,13.81,6.46,1.39,3.22,31.89,3.44,0.00
818,1.85,0.00,6.76,3.42,1.30,0.53,0.46,0.37,29.44,1.38,14.12,5.10,2.33,2.36,27.82,2.76,0.00
819,0.25,0.00,0.86,0.09,0.00,0.00,0.01,0.00,7.81,0.05,3.05,1.31,0.02,0.00,80.55,5.99,0.00
820,0.25,0.00,4.42,2.29,0.50,0.17,0.08,0.68,21.01,0.74,14.32,3.84,4.75,19.76,24.29,2.88,0.00
821,6.68,0.00,1.63,0.49,0.23,0.09,0.37,0.22,7.49,0.49,3.42,0.95,0.36,0.23,73.68,3.69,0.00
822,11.42,0.00,5.33,3.19,1.38,0.64,1.15,0.25,17.42,0.64,4.65,1.13,1.09,0.73,14.44,36.54,0.00
823,10.50,0.00,9.37,10.25,5.40,1.69,6.16,0.04,6.25,0.17,2.81,0.94,0.21,0.06,18.41,27.75,0.00
824,4.00,0.00,1.76,1.43,1.07,0.29,1.57,0.00,2.69,0.03,0.57,0.29,0.01,0.00,15.48,70.80,0.00
825,12.33,0.00,1.00,0.76,0.38,0.09,0.15,0.00,0.06,0.00,0.04,0.22,1.16,21.40,6.70,55.71,0.00
826,0.58,0.00,4.05,2.65,1.18,0.23,0.19,0.00,5.15,0.18,1.09,0.27,1.63,2.60,49.66,30.54,0.00
827,3.31,0.00,18.20,29.05,18.61,6.87,0.51,0.08,0.73,0.06,1.04,0.63,0.35,8.56,7.71,4.31,0.00
828,9.13,0.00,1.43,1.68,1.45,0.36,0.09,0.02,0.12,0.00,0.03,0.06,0.00,0.00,72.51,13.12,0.00
829,2.35,0.00,2.82,1.01,0.16,0.02,1.14,4.05,61.13,9.66,12.59,2.24,1.27,0.11,1.32,0.13,0.00
830,0.66,0.10,0.64,0.38,0.08,0.02,2.96,0.34,74.16,0.39,14.60,5.28,0.01,0.00,0.33,0.03,0.01
831,0.73,5.41,0.02,0.05,0.03,0.02,22.26,0.14,40.07,0.05,17.63,13.18,0.00,0.00,0.34,0.05,0.02
832,0.08,0.00,0.13,0.33,0.12,0.03,1.94,0.05,73.16,0.11,13.85,9.38,0.01,0.00,0.69,0.10,0.03
833,0.62,0.00,0.66,1.75,0.32,0.04,0.05,0.26,54.08,0.12,33.15,7.30,0.52,0.02,0.74,0.38,0.00
834,6.17,0.00,0.21,1.32,1.30,0.64,0.06,0.14,36.16,0.03,43.32,9.97,0.30,0.00,0.25,0.12,0.00
835,3.99,0.00,0.46,0.63,0.14,0.05,1.81,0.13,62.92,0.14,16.46,12.00,0.02,0.00,1.17,0.07,0.00
836,0.98,0.00,1.63,3.17,0.68,0.10,0.37,0.21,59.65,0.09,17.42,10.66,2.01,1.31,1.50,0.22,0.00
837,0.14,9.06,0.01,0.02,0.01,0.00,12.23,0.06,59.12,0.05,15.12,3.98,0.00,0.00,0.19,0.00,0.00
838,0.90,0.00,8.46,7.44,4.69,1.84,0.47,0.07,7.25,1.24,14.56,9.55,21.63,17.35,2.89,1.65,0.00
839,0.73,0.00,3.07,1.15,0.26,0.06,0.52,0.62,34.61,2.86,37.30,9.75,5.93,1.95,0.86,0.30,0.00
840,0.43,0.00,3.80,1.77,0.88,0.37,0.46,0.70,27.43,6.73,18.24,14.11,22.42,1.11,1.06,0.50,0.00
841,0.10,0.00,2.08,0.26,0.03,0.00,0.20,0.76,62.91,3.17,29.23,1.16,0.00,0.00,0.07,0.01,0.00
842,0.12,0.00,2.97,0.36,0.07,0.01,0.34,0.08,69.63,2.66,18.51,3.65,1.14,0.07,0.32,0.06,0.00
843,0.10,0.00,2.15,0.06,0.00,0.00,0.24,0.03,81.30,5.44,8.41,2.13,0.01,0.00,0.08,0.04,0.00
844,0.21,0.00,4.20,0.32,0.11,0.03,0.26,0.92,47.18,3.05,36.56,6.22,0.51,0.08,0.31,0.03,0.00
845,0.02,0.00,2.64,0.17,0.01,0.00,0.09,0.74,76.94,1.91,12.86,3.32,0.00,0.00,1.11,0.20,0.00
846,0.34,0.00,3.12,0.12,0.03,0.01,0.18,2.31,79.30,4.64,9.13,0.62,0.05,0.01,0.11,0.01,0.00
847,0.04,0.00,1.82,0.03,0.00,0.00,0.04,1.51,76.48,3.50,16.09,0.48,0.00,0.00,0.00,0.00,0.00
848,2.87,0.00,2.74,0.19,0.06,0.01,0.37,3.16,60.73,3.86,23.62,2.22,0.05,0.05,0.05,0.02,0.00
849,0.02,0.00,2.95,0.01,0.00,0.00,0.22,1.29,69.82,2.48,21.59,1.62,0.00,0.00,0.01,0.00,0.00
850,0.09,0.01,0.98,0.00,0.00,0.00,0.13,1.32,73.26,3.65,18.48,1.81,0.00,0.00,0.25,0.04,0.00
851,0.11,0.01,0.58,0.05,0.01,0.00,1.15,0.56,75.59,0.79,19.06,1.79,0.00,0.02,0.25,0.03,0.00
852,0.80,3.26,0.06,0.00,0.00,0.00,6.73,0.23,47.78,1.12,29.63,9.83,0.00,0.00,0.46,0.10,0.00
853,0.01,0.00,0.98,0.19,0.02,0.01,1.16,0.93,38.31,0.21,44.15,11.90,1.08,1.00,0.03,0.01,0.00
854,0.38,0.00,2.84,0.07,0.02,0.01,0.21,6.41,41.38,8.86,26.71,11.97,0.78,0.27,0.07,0.04,0.00
855,0.17,0.00,2.79,0.01,0.00,0.00,0.18,3.14,56.62,4.23,30.03,2.80,0.00,0.00,0.01,0.01,0.00
856,0.02,0.00,1.64,0.32,0.11,0.03,0.19,0.00,0.08,0.00,89.20,4.40,0.31,3.41,0.20,0.07,0.01
857,0.01,0.00,0.21,0.07,0.03,0.00,0.37,0.00,17.49,0.35,79.90,1.51,0.00,0.00,0.03,0.01,0.01
858,0.01,0.00,0.16,0.00,0.00,0.00,0.05,0.11,71.57,3.05,20.39,4.64,0.00,0.00,0.00,0.00,0.00
859,0.01,0.00,0.05,0.05,0.04,0.01,80.28,0.00,0.00,0.00,2.09,17.44,0.00,0.03,0.00,0.00,0.00
860,0.01,0.00,0.62,0.05,0.01,0.00,0.12,0.00,0.32,0.00,90.28,8.34,0.06,0.05,0.03,0.10,0.01
861,0.91,0.00,8.10,4.84,6.64,1.80,1.23,0.22,0.05,0.01,0.11,35.21,11.18,27.48,0.70,1.52,0.00
862,0.20,0.00,5.49,3.04,2.82,0.77,2.71,0.43,0.00,0.00,0.12,22.25,12.88,48.95,0.30,0.04,0.00
863,0.47,0.00,2.91,1.28,0.40,0.06,0.19,0.01,0.00,0.00,0.00,0.78,1.37,83.44,0.60,8.50,0.00
864,0.80,0.00,5.57,2.70,3.01,0.78,0.59,0.03,0.01,0.00,0.58,33.88,4.17,47.22,0.59,0.04,0.00
865,3.61,0.00,5.76,3.82,3.72,1.10,2.95,0.27,0.02,0.00,0.04,2.97,3.14,64.63,4.84,3.11,0.00
866,0.04,0.00,1.78,0.10,0.02,0.00,0.84,2.04,0.97,1.61,9.99,73.56,0.99,6.26,0.74,1.06,0.00
867,0.20,0.00,5.23,2.03,2.83,0.82,1.02,0.01,0.00,0.00,0.12,11.77,6.82,67.96,0.20,0.98,0.00
868,1.75,0.00,3.14,2.23,2.99,1.53,0.29,0.00,0.00,0.00,0.00,5.29,8.46,66.16,0.18,7.97,0.00
869,16.12,0.00,2.67,1.48,1.43,0.51,0.15,0.09,0.00,0.00,0.09,3.15,6.01,53.93,0.83,13.53,0.00
870,0.20,0.00,5.15,2.74,4.32,1.39,0.05,0.00,0.04,0.00,0.05,1.63,2.61,80.43,0.65,0.73,0.00
871,0.09,0.00,7.93,10.32,15.54,6.81,0.07,0.00,0.00,0.00,0.07,1.47,3.59,53.86,0.03,0.23,0.00
872,2.01,0.00,3.42,1.20,0.94,0.23,0.79,0.00,0.00,0.00,0.11,11.40,11.40,49.95,1.74,16.80,0.00
873,0.34,0.00,5.77,5.59,6.43,1.71,0.62,0.00,0.00,0.01,0.21,5.69,14.03,58.27,0.39,0.95,0.00
874,1.24,0.00,7.06,3.47,4.03,1.07,1.07,0.00,0.00,0.01,0.20,18.27,7.18,56.12,0.05,0.23,0.00
875,0.30,0.00,4.96,2.72,3.48,0.86,0.42,0.00,0.00,0.00,0.11,6.10,13.82,67.08,0.14,0.01,0.00
876,0.25,0.00,3.87,2.24,0.70,0.13,0.84,0.00,0.00,0.00,0.04,1.89,1.12,88.79,0.02,0.10,0.00
877,2.14,0.00,2.38,1.65,1.80,0.45,2.10,0.00,0.00,0.00,0.02,3.77,9.85,74.67,0.22,0.93,0.00
878,0.09,0.00,5.93,1.58,1.83,0.31,0.62,0.01,0.00,0.00,1.07,65.16,0.63,22.20,0.54,0.03,0.00
879,0.43,0.00,6.17,2.88,4.25,0.87,2.26,0.00,0.00,0.01,1.74,16.36,7.28,57.57,0.15,0.03,0.00
880,0.17,0.00,6.28,1.37,0.22,0.06,13.43,0.00,0.00,0.00,0.18,31.70,1.50,45.01,0.00,0.07,0.00
881,1.27,0.00,2.74,1.46,0.54,0.03,0.46,0.00,0.00,0.00,0.49,22.85,5.05,63.52,0.04,1.55,0.00
882,0.14,0.00,0.25,0.07,0.01,0.00,0.33,0.02,0.68,0.00,89.03,7.93,0.70,0.41,0.32,0.12,0.00
883,0.08,0.00,0.80,0.12,0.03,0.00,0.05,1.65,9.20,0.01,76.77,5.23,0.96,4.78,0.23,0.07,0.00
884,0.01,0.00,0.17,0.03,0.00,0.00,0.14,7.73,37.98,0.73,49.88,2.73,0.08,0.33,0.08,0.10,0.00
885,0.30,0.00,1.39,0.51,0.02,0.00,11.34,0.00,0.14,0.00,71.98,2.21,5.58,4.68,0.20,1.65,0.00
886,9.71,0.00,1.28,0.41,0.03,0.00,10.65,0.00,0.12,0.00,49.65,1.33,13.79,3.40,2.30,7.33,0.00
887,0.54,0.00,0.30,0.04,0.00,0.00,0.17,0.00,2.00,0.00,86.88,8.39,0.42,0.27,0.06,0.93,0.00
888,0.13,0.00,0.20,0.04,0.00,0.00,0.68,0.01,0.78,0.01,94.27,3.14,0.30,0.15,0.06,0.25,0.00
889,0.03,0.00,2.47,0.26,0.01,0.00,0.01,0.00,1.05,0.00,37.62,34.67,4.24,19.47,0.14,0.02,0.00
890,1.68,0.00,2.88,0.34,0.10,0.02,0.04,0.77,0.92,0.02,38.99,14.42,2.28,36.33,0.21,0.98,0.00
891,0.02,0.00,0.10,0.02,0.00,0.00,0.13,1.88,6.82,0.15,89.01,1.68,0.02,0.01,0.12,0.06,0.00
892,0.04,0.00,0.00,0.00,0.00,0.00,0.76,0.18,27.76,0.00,68.77,2.43,0.00,0.00,0.02,0.04,0.00
893,0.18,0.00,0.78,0.22,0.00,0.00,9.68,0.00,0.03,0.00,79.78,4.47,1.99,0.52,0.83,1.52,0.00
894,14.98,0.00,0.14,0.05,0.00,0.00,66.50,0.00,0.14,0.00,5.23,0.31,0.45,3.46,0.08,8.67,0.00
895,0.00,0.00,0.78,0.47,0.16,0.01,29.59,0.00,0.02,0.02,60.85,7.90,0.06,0.04,0.09,0.00,0.01
896,0.00,0.00,0.80,0.16,0.01,0.00,12.30,0.03,2.12,0.14,64.22,19.76,0.01,0.00,0.28,0.18,0.00
897,0.01,0.00,1.29,0.42,0.25,0.01,84.80,0.00,0.00,0.00,10.47,2.02,0.16,0.45,0.08,0.00,0.02
898,0.06,0.00,0.31,0.06,0.00,0.00,40.60,0.00,0.00,0.01,58.81,0.05,0.02,0.03,0.01,0.00,0.03
899,0.08,0.00,4.97,7.24,8.86,1.81,12.32,0.00,0.01,0.05,60.39,3.60,0.09,0.50,0.02,0.04,0.00
900,20.59,0.00,2.12,4.22,1.93,0.33,11.45,0.01,0.04,0.03,13.95,0.09,20.03,24.33,0.47,0.38,0.02
901,4.56,0.00,3.45,4.08,1.40,0.22,0.61,0.56,0.01,0.01,34.95,0.76,20.71,22.44,4.55,1.63,0.07
902,0.01,0.00,0.00,0.00,0.00,0.00,78.18,0.00,0.00,0.00,21.81,0.00,0.00,0.00,0.00,0.00,0.00
903,0.02,0.00,0.13,0.08,0.03,0.00,1.26,0.00,0.00,0.00,97.85,0.60,0.01,0.00,0.01,0.00,0.01
904,0.03,0.00,0.93,0.39,0.14,0.04,11.34,0.00,0.00,0.00,82.86,2.00,0.34,1.84,0.05,0.03,0.01
905,0.60,0.00,0.66,0.49,0.17,0.02,0.26,0.00,0.14,0.00,96.89,0.53,0.02,0.01,0.17,0.03,0.00
906,0.14,0.00,2.37,1.85,0.89,0.19,0.72,0.02,0.00,0.00,86.85,4.81,0.33,0.64,1.01,0.17,0.00
907,0.00,0.00,0.57,0.37,0.04,0.00,0.29,0.00,0.00,0.00,96.60,1.73,0.12,0.13,0.07,0.05,0.02
908,0.21,0.00,9.08,12.34,11.92,2.95,0.07,0.00,0.00,0.00,38.79,0.66,0.90,22.56,0.43,0.09,0.00
909,0.51,0.00,4.84,3.15,2.03,0.83,0.46,0.00,0.00,0.00,44.29,0.96,3.69,29.33,8.44,1.46,0.00
910,1.14,0.00,4.23,2.36,0.85,0.37,0.20,9.74,6.22,20.15,3.10,0.85,5.15,31.43,13.61,0.54,0.07
911,3.38,0.00,0.76,0.32,0.10,0.02,0.36,12.85,20.54,33.85,8.68,1.32,1.00,2.80,13.37,0.63,0.02
912,6.84,0.00,1.09,0.35,0.10,0.02,0.06,13.56,21.86,31.72,6.27,0.86,0.46,0.80,14.53,1.45,0.03
913,8.67,0.00,1.16,0.37,0.16,0.06,0.27,13.30,23.61,30.90,7.81,1.05,0.43,0.35,10.61,1.24,0.00
914,4.87,0.00,4.04,2.13,0.74,0.25,0.25,18.89,13.66,29.54,2.56,0.54,5.49,3.40,11.99,1.65,0.00
915,7.08,0.00,6.02,2.76,0.96,0.34,0.79,16.65,17.84,24.79,3.05,1.19,4.09,1.40,9.29,3.76,0.00
916,5.01,0.00,2.49,1.82,0.61,0.15,0.66,8.37,25.85,24.32,7.00,2.57,0.98,2.42,14.40,3.36,0.00
917,3.54,0.00,3.58,2.35,1.40,0.65,0.23,7.29,18.78,28.07,4.08,0.65,2.00,1.64,22.10,3.66,0.00
918,1.02,0.00,11.72,12.39,5.88,2.62,0.40,20.68,0.47,1.74,0.95,0.96,13.91,18.97,7.37,0.93,0.00
919,20.08,0.00,4.01,2.54,1.23,0.41,0.17,16.45,8.64,5.26,2.05,0.96,18.40,10.32,7.76,1.72,0.01
920,4.64,0.00,6.35,3.70,1.40,0.59,0.35,16.83,2.55,1.99,4.96,0.83,24.07,19.42,10.71,1.61,0.00
921,6.44,0.00,2.78,1.22,0.40,0.12,0.06,31.55,6.25,1.36,2.88,3.46,19.30,5.62,16.41,2.11,0.03
922,1.98,0.00,2.66,0.84,0.35,0.15,0.18,36.59,9.55,2.72,4.67,2.61,17.63,7.01,11.88,1.19,0.00
923,1.40,0.00,4.96,2.32,0.91,0.30,0.10,24.31,7.16,6.48,4.98,2.11,24.13,14.60,5.62,0.61,0.00
924,4.31,0.00,14.96,15.17,9.70,2.29,3.26,14.91,12.72,4.68,2.80,2.08,2.34,3.72,3.18,3.88,0.00
925,1.17,0.00,11.28,7.55,3.13,0.82,1.10,18.65,12.23,6.05,3.23,0.82,0.82,6.04,26.61,0.51,0.00
926,4.67,0.00,9.32,10.70,12.39,8.13,4.03,4.21,0.71,1.06,1.13,0.90,0.73,0.99,11.26,29.77,0.00
927,0.83,0.00,18.19,13.81,6.86,2.72,0.29,12.00,0.32,0.92,1.88,0.73,7.21,19.33,13.99,0.93,0.00
928,0.37,0.00,17.97,11.44,8.27,0.44,0.55,0.00,5.49,8.82,21.21,17.42,0.71,6.66,0.34,0.28,0.00
929,0.60,0.00,13.71,11.34,14.51,1.64,1.31,0.00,1.14,1.44,8.25,6.47,2.97,34.04,1.09,1.48,0.00
930,0.55,0.00,13.79,9.02,5.44,0.42,0.44,0.00,3.14,3.35,49.20,13.28,0.41,0.59,0.22,0.14,0.00
931,0.44,0.00,9.29,20.19,47.65,18.78,0.27,0.00,0.06,0.14,1.16,1.42,0.06,0.25,0.11,0.17,0.00
932,1.07,0.00,14.61,18.79,33.63,11.66,0.71,0.00,0.12,0.23,9.85,6.06,0.07,1.02,1.35,0.83,0.01
933,0.64,0.00,15.23,13.43,14.46,2.30,0.34,0.00,0.24,0.51,38.44,10.65,0.28,2.21,1.06,0.22,0.00
934,0.53,0.00,6.90,1.73,0.39,0.03,0.11,0.00,0.56,0.85,71.84,12.13,0.32,3.63,0.60,0.37,0.00
935,0.40,0.00,5.46,0.49,0.02,0.00,0.25,0.00,0.02,0.08,70.44,20.92,0.00,0.00,0.76,1.16,0.00
936,1.23,0.00,0.51,0.03,0.01,0.00,1.74,0.00,0.22,0.88,51.71,43.55,0.11,0.00,0.01,0.01,0.00
937,1.09,0.00,3.30,1.01,0.43,0.08,5.41,0.00,0.10,0.45,67.33,20.26,0.53,0.00,0.01,0.00,0.00
938,1.27,0.00,18.97,21.31,23.05,2.88,1.13,0.00,0.03,0.08,5.61,15.16,3.84,5.43,0.91,0.32,0.00
939,1.37,0.00,10.82,4.53,3.08,0.24,0.56,0.00,0.02,0.07,43.22,33.47,0.65,1.48,0.30,0.18,0.00
940,0.05,0.00,4.77,0.91,0.32,0.02,0.04,0.00,2.74,1.55,79.94,4.75,0.06,4.39,0.39,0.06,0.00
941,0.05,0.00,0.85,0.01,0.00,0.00,0.35,0.00,17.70,21.38,54.58,4.74,0.01,0.04,0.20,0.10,0.00
942,0.00,0.00,0.42,0.00,0.00,0.00,0.43,0.00,70.41,5.68,19.64,3.28,0.00,0.00,0.14,0.01,0.00
943,0.22,0.00,3.16,0.72,0.14,0.01,2.98,0.00,6.92,1.45,61.15,22.68,0.21,0.01,0.26,0.10,0.00
944,0.02,0.00,0.10,0.02,0.02,0.00,6.77,0.00,48.78,3.23,35.22,5.67,0.04,0.00,0.10,0.02,0.00
945,0.46,0.00,3.17,0.42,0.09,0.00,0.48,0.02,8.99,5.82,70.29,8.94,0.31,0.14,0.38,0.49,0.00
946,0.54,0.00,4.39,1.27,0.52,0.07,0.61,0.03,54.17,6.07,29.03,2.80,0.01,0.02,0.23,0.24,0.00
947,0.11,0.00,2.46,0.31,0.08,0.00,4.09,0.00,14.01,2.23,59.62,15.81,0.52,0.21,0.47,0.08,0.00
948,0.26,0.00,1.24,2.76,0.52,0.18,0.31,0.16,54.84,0.17,32.01,5.19,0.58,0.11,1.04,0.61,0.00
949,0.14,0.00,1.15,1.34,0.40,0.15,0.54,0.24,72.85,0.08,14.84,6.26,0.52,0.17,1.15,0.20,0.00
950,1.54,0.00,2.45,1.74,0.37,0.11,0.59,1.59,33.18,1.60,38.79,8.99,1.22,7.12,0.63,0.09,0.00
951,0.09,0.00,1.68,0.91,0.16,0.03,1.38,0.02,67.34,0.03,24.07,3.76,0.02,0.43,0.00,0.07,0.00
952,0.06,0.00,0.33,0.05,0.01,0.00,0.71,0.00,64.28,0.00,25.01,8.39,0.18,0.07,0.07,0.84,0.00
953,2.94,0.00,2.61,0.71,0.10,0.01,1.08,0.00,35.44,0.00,25.02,8.36,2.16,0.35,1.18,20.03,0.00
954,17.31,0.01,2.90,1.25,0.39,0.15,2.81,0.01,2.97,0.00,8.29,11.94,21.29,25.30,0.09,5.31,0.00
955,0.57,0.00,0.25,0.04,0.00,0.00,1.15,0.01,60.68,0.00,25.64,10.25,0.14,0.08,0.06,1.14,0.00
956,0.65,0.00,0.74,0.09,0.01,0.00,0.20,0.17,68.21,0.22,22.38,4.45,0.16,0.87,0.01,1.85,0.00
957,2.83,0.00,0.53,0.10,0.01,0.00,0.94,0.00,16.61,0.00,45.47,30.10,0.78,1.50,0.05,1.06,0.00
958,0.72,0.00,3.13,2.21,0.59,0.10,0.68,0.15,7.61,0.03,23.55,28.66,8.92,23.31,0.01,0.33,0.00
959,2.36,0.00,2.80,0.45,0.09,0.01,0.83,0.02,4.25,0.00,20.95,27.78,19.92,17.57,0.14,2.84,0.00
960,0.07,0.00,0.20,0.03,0.00,0.00,3.64,0.13,62.24,0.21,30.06,3.07,0.14,0.01,0.03,0.15,0.00
961,0.09,0.00,0.00,0.00,0.00,0.00,9.32,0.06,53.03,0.49,35.99,0.95,0.00,0.00,0.00,0.06,0.00
962,0.48,0.00,0.09,0.01,0.00,0.00,0.37,0.01,4.21,0.00,26.10,67.09,0.73,0.06,0.00,0.87,0.00
963,3.75,0.00,0.47,0.08,0.02,0.00,1.50,0.08,14.60,0.39,71.52,5.22,0.98,0.39,0.17,0.82,0.00
964,0.09,0.00,0.61,0.00,0.00,0.00,1.06,0.00,69.00,0.00,24.39,4.69,0.00,0.02,0.03,0.10,0.00
965,0.99,0.00,0.61,0.01,0.00,0.00,1.14,0.00,29.92,0.00,40.58,25.28,0.47,0.20,0.02,0.79,0.00
966,0.43,0.00,0.64,0.10,0.00,0.00,2.26,0.00,35.16,0.00,38.88,18.99,1.86,1.40,0.01,0.26,0.00
967,1.12,0.00,0.70,0.25,0.02,0.00,2.34,0.87,18.90,0.56,41.76,31.02,1.73,0.68,0.03,0.00,0.00
