uniqid_eco4,NLCD01_11_eco4,NLCD01_12_eco4,NLCD01_21_eco4,NLCD01_22_eco4,NLCD01_23_eco4,NLCD01_24_eco4,NLCD01_31_eco4,NLCD01_41_eco4,NLCD01_42_eco4,NLCD01_43_eco4,NLCD01_52_eco4,NLCD01_71_eco4,NLCD01_81_eco4,NLCD01_82_eco4,NLCD01_90_eco4,NLCD01_95_eco4,NLCD01_9999_eco4
1,3.82,0.00,2.34,0.99,0.38,0.09,0.09,0.07,6.36,0.01,64.47,5.19,2.31,11.45,0.17,2.25,0.00
2,0.02,0.00,2.85,0.27,0.06,0.01,0.00,0.01,0.18,0.01,17.96,0.97,0.14,77.31,0.04,0.16,0.00
3,0.06,0.00,2.29,0.23,0.07,0.01,0.03,0.02,0.27,0.03,56.58,2.20,1.34,36.51,0.07,0.29,0.00
4,1.20,0.00,2.35,0.34,0.04,0.00,0.00,0.03,0.38,0.00,56.76,2.78,1.58,34.02,0.01,0.49,0.00
5,4.59,0.00,4.03,2.67,1.09,0.12,0.01,0.07,0.05,0.01,36.41,2.84,3.88,42.44,0.79,1.00,0.00
6,1.32,0.00,2.91,0.93,0.28,0.03,0.00,0.20,2.63,0.06,15.14,29.33,0.83,46.13,0.09,0.14,0.00
7,0.07,0.00,1.57,0.56,0.14,0.02,0.03,0.11,1.94,0.02,66.30,6.40,2.18,20.36,0.18,0.12,0.00
8,0.00,0.00,3.70,0.70,0.20,0.03,0.00,0.12,3.80,0.01,2.06,1.25,0.06,87.79,0.05,0.21,0.00
9,0.00,0.00,3.74,0.49,0.08,0.01,0.00,0.03,5.68,0.10,5.52,5.82,0.30,77.57,0.04,0.60,0.00
10,0.02,0.00,3.05,0.28,0.04,0.00,0.04,0.02,11.21,0.01,2.61,14.60,0.11,67.97,0.02,0.03,0.00
11,1.27,0.00,0.45,0.04,0.01,0.00,1.38,0.02,1.18,0.01,93.26,1.04,0.20,0.81,0.07,0.26,0.00
12,4.32,0.00,1.64,0.83,0.48,0.09,0.05,0.13,4.34,0.03,24.94,54.40,0.24,8.25,0.13,0.13,0.00
13,3.16,0.00,2.69,1.58,0.40,0.07,0.12,0.12,6.14,0.02,65.02,11.59,6.37,1.59,0.47,0.66,0.02
14,0.00,0.00,0.63,0.08,0.02,0.00,0.00,0.01,8.01,0.00,74.25,10.49,1.12,4.79,0.31,0.28,0.00
15,0.25,0.00,0.77,0.12,0.01,0.00,0.06,0.00,7.61,0.00,88.39,0.70,0.76,0.28,0.05,1.00,0.00
16,0.02,0.00,0.24,0.00,0.00,0.00,0.00,0.00,69.43,0.00,29.24,0.50,0.13,0.06,0.05,0.32,0.00
17,0.02,0.00,0.72,0.13,0.02,0.00,0.00,0.00,62.36,0.00,28.94,5.94,0.04,1.53,0.07,0.21,0.00
18,0.19,0.00,0.40,0.04,0.00,0.00,0.00,0.00,73.43,0.00,23.62,1.85,0.02,0.01,0.01,0.41,0.00
19,0.35,0.00,0.28,0.05,0.00,0.00,0.04,0.00,80.17,0.04,12.06,6.70,0.00,0.26,0.00,0.03,0.00
20,0.09,0.00,0.53,0.09,0.00,0.00,0.00,0.00,74.20,0.02,12.59,11.99,0.10,0.32,0.03,0.03,0.00
21,0.75,0.00,0.24,0.11,0.03,0.00,0.03,0.01,31.02,0.00,24.56,41.72,0.16,1.20,0.15,0.03,0.00
22,0.01,0.00,0.21,0.00,0.00,0.00,0.00,0.00,74.84,0.00,23.50,0.99,0.00,0.00,0.00,0.44,0.00
23,0.57,0.00,0.60,0.09,0.02,0.00,0.02,0.00,7.14,0.00,83.69,4.90,0.97,1.56,0.13,0.31,0.00
24,0.25,0.00,2.81,1.21,0.26,0.02,0.05,0.00,5.33,0.00,22.54,27.31,0.26,39.60,0.11,0.23,0.00
25,0.04,0.00,0.39,0.09,0.00,0.00,0.13,0.00,86.05,0.01,8.94,4.06,0.03,0.11,0.00,0.14,0.00
26,0.33,0.03,0.05,0.01,0.00,0.00,12.15,0.00,58.17,0.00,15.41,13.77,0.00,0.00,0.00,0.07,0.00
27,0.54,0.00,3.93,2.55,0.40,0.06,0.17,0.00,2.13,0.00,75.01,0.86,0.04,13.93,0.36,0.01,0.00
28,0.47,0.00,1.61,0.07,0.01,0.00,0.01,0.00,12.05,0.00,71.53,1.84,0.61,0.06,0.26,11.49,0.00
29,2.54,0.00,8.75,4.28,0.88,0.07,0.00,0.00,0.01,0.00,5.24,12.33,10.62,54.66,0.23,0.39,0.00
30,0.00,0.00,0.33,0.10,0.03,0.00,69.16,0.00,0.07,0.00,26.85,1.11,0.08,2.23,0.02,0.01,0.00
31,1.07,0.00,2.41,1.22,0.23,0.03,0.16,0.00,0.39,0.00,28.53,50.67,5.42,6.98,1.42,1.46,0.00
32,0.40,0.00,3.28,0.29,0.02,0.01,0.00,1.10,3.13,0.09,15.64,8.96,1.57,62.22,2.13,1.16,0.00
33,6.16,0.00,6.22,2.84,1.02,0.13,0.06,0.00,0.01,0.00,3.87,1.37,5.54,65.04,7.37,0.38,0.00
34,0.65,0.00,0.44,0.15,0.03,0.00,0.02,0.16,3.89,0.00,74.52,15.51,1.47,2.88,0.20,0.09,0.00
35,0.38,0.00,1.64,0.21,0.04,0.00,0.82,0.02,0.59,0.00,64.18,15.12,2.11,14.45,0.09,0.34,0.00
36,0.40,0.00,1.79,0.48,0.24,0.06,0.00,0.00,0.02,0.00,41.73,44.53,2.93,7.74,0.04,0.03,0.00
37,0.95,0.00,5.95,2.02,0.57,0.11,0.00,0.00,0.00,0.00,4.75,5.84,16.28,63.41,0.11,0.01,0.00
38,0.61,0.00,1.26,0.22,0.03,0.00,0.02,0.00,0.10,0.00,42.24,46.67,2.48,6.24,0.07,0.06,0.00
39,25.66,0.00,0.10,0.12,0.04,0.03,59.72,0.00,0.00,0.00,13.14,0.12,0.38,0.02,0.02,0.65,0.00
40,1.08,0.00,1.61,2.74,1.76,0.69,0.18,0.02,1.63,0.00,77.45,7.08,3.19,1.15,0.42,1.00,0.00
41,0.03,0.00,2.75,0.55,0.08,0.03,0.00,0.00,1.94,0.00,31.78,49.77,6.62,1.39,0.00,5.06,0.00
42,0.22,0.00,2.49,0.73,0.05,0.00,2.80,0.04,0.41,0.01,83.37,1.46,3.09,2.58,0.42,2.34,0.00
43,22.74,0.00,0.38,0.37,0.03,0.00,1.37,0.01,0.32,0.00,71.85,2.30,0.24,0.00,0.29,0.11,0.00
44,0.07,0.00,0.80,0.06,0.00,0.00,0.58,0.00,0.49,0.00,92.79,4.18,0.60,0.11,0.12,0.21,0.00
45,0.21,0.00,0.47,0.28,0.09,0.04,4.53,0.00,0.04,0.00,80.32,10.54,2.37,0.67,0.08,0.35,0.00
46,0.90,0.00,0.97,0.60,0.23,0.03,0.50,0.07,3.30,0.00,73.81,12.48,5.20,1.67,0.11,0.14,0.00
47,0.01,0.00,0.25,0.12,0.05,0.00,0.17,0.98,56.03,0.04,40.33,1.74,0.16,0.01,0.12,0.01,0.00
48,0.00,0.07,0.01,0.00,0.00,0.00,3.66,2.61,61.99,1.45,21.67,8.52,0.00,0.00,0.02,0.00,0.00
49,10.04,0.00,9.09,19.14,14.17,5.43,0.11,0.28,0.36,0.00,5.64,1.50,19.46,10.77,1.93,2.08,0.00
50,12.75,0.00,0.28,0.24,0.03,0.01,31.86,0.00,0.04,0.00,21.58,0.37,4.74,1.19,0.43,26.46,0.00
51,8.73,0.00,0.25,0.17,0.01,0.00,50.19,0.00,0.00,0.00,39.36,0.34,0.44,0.12,0.10,0.28,0.00
52,0.64,0.00,5.29,2.43,0.57,0.19,0.25,0.55,0.42,0.00,11.74,6.60,23.36,44.23,1.03,2.68,0.00
53,0.92,0.00,0.69,0.54,0.07,0.01,5.91,0.00,0.00,0.00,85.86,1.97,1.42,1.72,0.54,0.36,0.00
54,0.05,0.00,0.11,0.01,0.00,0.00,0.56,0.00,1.26,0.00,86.09,11.46,0.25,0.08,0.13,0.01,0.00
55,0.00,0.00,0.02,0.00,0.00,0.00,0.25,0.33,23.76,0.01,69.42,6.03,0.00,0.00,0.19,0.00,0.00
56,0.16,0.00,0.94,0.18,0.03,0.00,0.47,0.05,0.31,0.00,84.72,8.78,2.41,0.22,1.72,0.02,0.00
57,0.01,0.00,0.39,0.07,0.00,0.00,0.04,23.55,6.02,0.09,57.37,5.99,3.96,0.00,1.14,1.38,0.00
58,0.26,0.00,0.04,0.00,0.00,0.00,1.21,12.92,14.03,1.11,42.73,27.29,0.00,0.00,0.40,0.01,0.00
59,0.01,0.00,0.44,0.13,0.02,0.00,0.10,0.01,4.12,0.00,90.07,3.18,1.48,0.09,0.09,0.27,0.00
60,0.00,0.00,0.11,0.03,0.00,0.00,0.18,0.21,62.44,0.01,33.39,3.58,0.01,0.00,0.03,0.00,0.00
61,0.00,0.00,0.22,0.02,0.00,0.00,0.09,0.00,3.06,0.00,91.34,4.78,0.33,0.01,0.12,0.01,0.00
62,0.00,0.00,0.06,0.00,0.00,0.00,0.00,0.07,64.18,0.01,31.90,3.67,0.01,0.00,0.10,0.00,0.00
63,0.00,0.00,0.03,0.00,0.00,0.00,0.06,2.67,39.35,0.54,54.37,2.86,0.00,0.00,0.11,0.00,0.00
64,0.01,0.00,0.37,0.15,0.01,0.00,1.12,0.00,0.02,0.00,97.08,0.67,0.34,0.21,0.01,0.02,0.00
65,0.00,0.00,0.12,0.01,0.00,0.00,0.13,0.00,2.60,0.00,95.30,1.83,0.00,0.00,0.00,0.00,0.00
66,0.00,0.00,0.09,0.01,0.00,0.00,0.01,0.00,55.37,0.00,35.28,9.23,0.00,0.00,0.00,0.00,0.00
67,0.01,0.00,0.22,0.08,0.01,0.00,0.22,0.10,35.99,0.01,60.25,2.96,0.02,0.00,0.07,0.07,0.00
68,0.00,0.00,0.05,0.00,0.00,0.00,1.76,0.51,27.11,0.28,55.77,14.48,0.00,0.00,0.03,0.00,0.00
69,0.03,0.00,1.04,0.33,0.05,0.00,1.80,0.00,0.00,0.00,76.96,11.87,4.07,1.41,2.43,0.01,0.00
70,0.02,0.00,1.32,1.08,0.89,0.35,7.05,0.00,0.04,0.01,87.59,1.45,0.04,0.09,0.06,0.00,0.00
71,0.05,0.00,0.17,0.09,0.01,0.00,1.42,0.00,0.94,0.01,96.56,0.73,0.02,0.00,0.01,0.00,0.00
72,0.00,0.00,0.06,0.07,0.01,0.00,0.02,0.06,51.23,0.28,45.91,2.36,0.00,0.00,0.00,0.00,0.00
73,0.00,0.00,0.00,0.00,0.00,0.00,0.13,0.62,78.91,3.05,15.73,1.56,0.00,0.00,0.00,0.00,0.00
74,10.78,0.00,0.79,1.08,0.41,0.07,3.46,0.00,0.01,0.01,80.13,0.22,0.56,0.92,1.36,0.20,0.00
75,0.60,0.00,0.41,0.37,0.04,0.00,72.04,0.00,0.00,0.00,26.17,0.12,0.04,0.11,0.07,0.02,0.00
76,0.02,0.00,0.78,1.17,0.13,0.01,5.64,0.00,0.01,0.00,91.56,0.20,0.13,0.23,0.11,0.00,0.00
77,0.00,0.00,0.30,0.24,0.02,0.00,22.70,0.00,0.00,0.00,76.67,0.01,0.03,0.04,0.00,0.00,0.00
78,0.00,0.00,0.24,0.35,0.08,0.00,35.37,0.00,0.00,0.00,63.79,0.13,0.00,0.00,0.03,0.00,0.00
79,0.11,0.00,3.25,1.67,0.68,0.10,8.03,0.00,0.03,0.01,79.97,3.99,1.23,0.76,0.12,0.04,0.00
80,0.00,0.00,0.34,0.08,0.01,0.00,1.14,0.00,0.09,0.00,98.05,0.28,0.00,0.00,0.00,0.00,0.00
81,0.00,0.00,0.00,0.00,0.00,0.00,0.05,0.00,25.89,0.11,72.86,1.07,0.00,0.00,0.00,0.00,0.00
82,0.00,0.00,0.00,0.00,0.00,0.00,0.09,0.21,76.78,1.82,19.84,1.26,0.00,0.00,0.00,0.00,0.00
83,0.00,0.00,0.19,0.19,0.02,0.00,29.14,0.00,0.05,0.00,70.32,0.09,0.00,0.00,0.00,0.00,0.00
84,0.00,0.00,0.12,0.03,0.00,0.00,73.00,0.00,0.00,0.00,26.78,0.05,0.00,0.00,0.02,0.00,0.00
85,0.89,0.00,0.00,0.00,0.00,0.00,11.14,0.00,1.81,0.00,85.19,0.92,0.00,0.00,0.05,0.00,0.00
86,0.49,0.00,0.43,0.26,0.13,0.00,0.04,0.09,78.09,0.00,15.63,3.81,0.42,0.09,0.22,0.30,0.00
87,1.56,0.00,2.78,1.88,0.14,0.01,0.05,0.00,1.91,0.00,11.88,47.07,25.00,7.43,0.16,0.13,0.00
88,20.31,0.00,4.27,2.44,0.60,0.10,0.00,0.28,7.63,0.00,2.75,16.93,23.05,17.94,3.42,0.26,0.00
89,1.37,0.00,2.03,1.80,0.51,0.06,0.00,0.51,17.72,0.01,57.03,7.50,7.41,3.11,0.62,0.35,0.00
90,0.47,0.00,0.44,0.22,0.06,0.00,0.01,0.24,42.37,0.00,6.70,47.84,1.09,0.26,0.27,0.03,0.00
91,0.03,0.00,3.67,0.38,0.03,0.01,0.00,0.49,16.75,0.02,11.68,7.46,0.03,59.12,0.13,0.20,0.00
92,0.42,0.00,0.26,0.20,0.03,0.00,0.00,0.02,37.13,0.00,49.53,11.13,0.13,0.16,0.63,0.31,0.03
93,0.48,0.08,0.00,0.00,0.00,0.00,0.31,0.00,70.29,0.00,21.14,7.65,0.01,0.00,0.00,0.02,0.00
94,0.05,0.00,0.02,0.01,0.01,0.00,0.01,0.01,82.87,0.03,16.39,0.33,0.01,0.01,0.10,0.16,0.00
95,2.66,0.00,2.36,0.51,0.12,0.02,0.15,0.61,43.17,0.07,16.57,23.96,0.03,9.44,0.16,0.19,0.00
96,1.33,0.00,0.30,0.22,0.04,0.00,0.01,0.02,85.63,0.00,10.22,1.22,0.24,0.06,0.15,0.56,0.00
97,1.33,0.00,0.30,0.23,0.07,0.00,0.07,0.15,78.00,0.00,16.37,2.31,0.30,0.09,0.33,0.45,0.00
98,3.05,0.00,2.89,2.04,0.28,0.04,0.02,0.96,40.26,0.00,10.57,6.01,0.08,30.62,1.79,1.39,0.01
99,0.01,0.00,0.87,0.27,0.02,0.00,0.00,0.02,61.03,0.00,29.97,3.66,0.01,3.42,0.35,0.38,0.00
100,0.40,0.00,0.27,0.23,0.18,0.03,0.10,0.07,86.30,0.02,10.56,0.66,0.09,0.00,0.47,0.62,0.00
101,0.32,0.00,0.16,0.07,0.02,0.01,0.03,0.04,72.05,0.02,26.31,0.45,0.01,0.00,0.16,0.35,0.00
102,0.68,0.00,0.39,0.17,0.02,0.00,0.03,0.11,88.18,0.01,8.55,0.87,0.08,0.03,0.47,0.39,0.01
103,3.10,0.00,0.67,0.53,0.12,0.01,0.03,0.35,65.51,0.00,17.58,8.30,1.15,1.33,0.70,0.61,0.01
104,1.89,0.00,5.19,9.31,5.14,0.87,0.02,0.02,38.81,0.00,16.23,10.17,1.29,9.94,0.29,0.83,0.00
105,4.59,0.00,1.75,0.92,0.20,0.02,0.46,2.48,72.57,0.06,6.17,2.16,3.52,1.04,3.11,0.95,0.00
106,14.12,0.00,0.73,0.91,0.21,0.03,0.05,0.22,66.38,0.01,8.32,3.80,0.93,0.88,2.13,1.30,0.00
107,4.19,0.00,1.06,0.68,0.10,0.01,0.01,0.07,64.60,0.01,18.93,3.83,0.08,5.65,0.30,0.49,0.00
108,0.98,0.00,0.15,0.20,0.01,0.00,0.05,0.01,86.57,0.00,9.04,2.38,0.05,0.01,0.14,0.41,0.00
109,0.04,0.00,0.30,0.09,0.01,0.00,0.00,0.13,79.97,0.00,16.46,2.55,0.03,0.01,0.31,0.09,0.03
110,0.57,0.00,0.11,0.07,0.01,0.00,0.01,0.10,90.79,0.00,7.24,0.75,0.05,0.03,0.18,0.09,0.01
111,0.09,0.00,0.10,0.04,0.01,0.00,0.01,0.01,76.74,0.00,9.50,12.85,0.16,0.19,0.27,0.03,0.00
112,0.06,0.00,0.07,0.03,0.01,0.00,0.01,0.00,89.00,0.00,8.24,2.38,0.02,0.00,0.11,0.06,0.00
113,0.24,0.00,0.45,0.05,0.00,0.00,0.00,0.12,82.77,0.35,14.92,1.01,0.00,0.00,0.04,0.03,0.00
114,0.06,0.10,0.20,0.18,0.04,0.01,0.09,0.05,46.55,0.00,37.68,14.17,0.12,0.03,0.26,0.47,0.00
115,0.31,0.02,0.01,0.00,0.00,0.00,0.07,0.00,74.14,0.00,13.95,11.36,0.02,0.00,0.12,0.02,0.00
116,0.48,0.00,0.21,0.14,0.03,0.00,0.23,0.10,8.69,0.00,56.88,31.35,0.80,0.48,0.34,0.27,0.00
117,9.11,0.00,1.83,0.64,0.11,0.01,0.03,0.14,38.95,0.00,22.25,11.47,6.34,2.61,3.48,3.03,0.00
118,0.77,2.07,0.00,0.00,0.00,0.00,1.68,0.00,40.79,0.00,12.24,42.39,0.00,0.00,0.02,0.05,0.00
119,0.03,0.00,0.06,0.02,0.00,0.00,0.01,0.00,87.46,0.00,8.11,3.98,0.04,0.18,0.07,0.04,0.00
120,0.27,0.00,0.09,0.06,0.01,0.00,0.01,0.45,58.92,0.00,27.18,12.81,0.11,0.00,0.07,0.03,0.00
121,0.18,0.01,0.05,0.02,0.00,0.00,0.08,0.28,64.15,0.00,22.26,12.52,0.03,0.01,0.27,0.15,0.00
122,0.18,0.00,0.94,0.60,0.20,0.04,0.14,0.32,27.16,0.00,29.01,38.56,0.67,1.21,0.52,0.44,0.00
123,0.40,0.00,2.07,1.23,0.58,0.03,0.13,0.02,1.35,0.01,39.03,38.16,10.74,5.08,0.76,0.40,0.00
124,0.07,0.00,0.29,0.12,0.02,0.00,0.07,0.08,6.33,0.03,53.67,37.76,0.93,0.13,0.20,0.30,0.00
125,0.12,0.00,1.16,0.17,0.05,0.00,0.04,0.19,8.22,0.00,7.68,76.04,6.05,0.00,0.25,0.03,0.00
126,0.00,0.00,0.00,0.00,0.00,0.00,0.57,0.00,60.63,0.00,14.24,24.55,0.01,0.00,0.00,0.00,0.00
127,0.10,0.00,0.00,0.00,0.00,0.00,0.29,0.00,80.51,0.00,2.86,16.14,0.01,0.00,0.08,0.00,0.00
128,6.49,0.00,0.92,0.03,0.00,0.00,0.07,0.01,0.70,0.04,30.32,40.16,0.19,0.00,0.16,20.90,0.00
129,0.15,0.00,0.12,0.01,0.00,0.00,0.06,0.00,82.70,0.00,4.96,11.38,0.59,0.00,0.03,0.00,0.00
130,0.06,0.00,0.13,0.03,0.00,0.00,0.04,0.00,64.46,0.03,8.72,26.18,0.31,0.00,0.03,0.00,0.00
131,0.12,0.01,0.23,0.09,0.03,0.00,0.09,0.00,80.55,0.07,8.38,10.22,0.14,0.02,0.04,0.01,0.00
132,0.02,0.00,0.32,0.23,0.07,0.00,0.05,0.03,67.71,0.63,14.37,16.17,0.19,0.08,0.13,0.00,0.00
133,0.39,0.00,2.20,1.16,0.37,0.02,0.42,0.01,9.97,0.01,28.29,38.76,10.88,5.36,2.15,0.00,0.00
134,0.01,0.00,0.07,0.03,0.00,0.00,0.02,0.01,68.27,0.18,20.51,10.42,0.35,0.03,0.10,0.00,0.00
135,0.99,0.00,0.19,0.08,0.02,0.00,0.09,0.00,82.44,0.00,12.13,3.74,0.14,0.07,0.11,0.00,0.00
136,0.05,0.00,0.03,0.00,0.00,0.00,2.17,0.29,58.78,0.08,27.82,10.19,0.01,0.00,0.33,0.23,0.00
137,0.06,0.00,0.06,0.00,0.00,0.00,0.26,0.85,54.95,0.35,32.20,10.22,0.02,0.00,0.55,0.47,0.00
138,0.13,0.00,0.70,0.28,0.08,0.01,0.05,0.61,73.91,0.09,8.70,15.02,0.37,0.01,0.02,0.05,0.00
139,0.13,0.00,0.52,0.24,0.05,0.00,0.28,1.18,88.67,0.43,2.46,5.97,0.01,0.00,0.01,0.02,0.00
140,0.43,0.00,0.00,0.00,0.00,0.00,0.14,0.45,62.86,0.04,27.94,7.70,0.06,0.01,0.20,0.18,0.00
141,0.01,0.01,0.01,0.00,0.00,0.00,1.48,0.14,51.48,0.02,21.95,24.74,0.01,0.00,0.06,0.08,0.00
142,0.05,0.01,0.07,0.00,0.00,0.00,3.31,0.02,77.00,0.02,10.76,8.72,0.04,0.00,0.01,0.00,0.00
143,0.18,0.00,0.16,0.02,0.00,0.00,0.02,2.03,57.19,0.33,30.27,7.55,0.10,0.00,1.02,1.12,0.00
144,0.74,0.80,0.01,0.00,0.00,0.00,13.32,0.25,18.78,0.22,29.75,36.03,0.01,0.00,0.05,0.03,0.00
145,0.17,0.00,0.17,0.02,0.00,0.00,0.18,0.23,52.34,0.07,33.84,11.40,0.12,0.01,0.59,0.86,0.00
146,6.29,0.00,0.37,0.05,0.01,0.00,0.06,0.96,54.47,0.05,28.26,6.52,0.03,0.04,1.10,1.79,0.00
147,1.52,0.00,0.18,0.03,0.01,0.00,0.34,2.39,62.24,0.22,23.58,8.90,0.03,0.00,0.36,0.20,0.00
148,0.36,0.00,0.11,0.01,0.00,0.00,0.44,0.46,67.76,0.06,21.45,8.95,0.02,0.01,0.27,0.10,0.00
149,0.11,0.00,0.17,0.05,0.01,0.00,0.16,1.25,49.17,0.03,31.74,16.98,0.04,0.01,0.19,0.11,0.00
150,5.29,0.00,2.01,0.44,0.08,0.01,0.16,1.42,14.83,0.25,42.71,13.86,5.15,2.27,3.10,8.42,0.00
151,0.57,0.00,0.16,0.01,0.00,0.00,0.42,5.70,47.42,0.13,36.02,8.66,0.11,0.24,0.25,0.30,0.00
152,1.17,0.00,1.76,0.45,0.04,0.00,0.00,0.03,24.12,0.19,5.72,42.08,13.53,3.45,7.46,0.01,0.00
153,0.02,0.00,0.21,0.08,0.03,0.00,0.78,0.16,79.27,0.13,4.85,14.20,0.19,0.01,0.06,0.00,0.00
154,0.05,0.00,0.14,0.04,0.02,0.00,0.11,2.65,50.45,0.66,22.31,21.31,0.24,0.00,2.01,0.02,0.00
155,0.65,0.00,4.53,3.77,1.57,0.23,0.03,0.02,17.74,0.01,19.93,22.39,17.61,4.96,2.33,4.21,0.00
156,0.00,0.00,0.18,0.01,0.00,0.00,0.00,6.42,48.12,0.00,23.02,15.41,2.41,0.07,4.34,0.00,0.00
157,1.74,0.00,2.25,0.30,0.02,0.00,0.09,0.25,2.50,0.07,21.20,47.41,14.52,6.68,2.38,0.59,0.00
158,0.08,0.00,0.27,0.12,0.02,0.00,0.20,0.01,69.58,0.14,13.13,16.28,0.07,0.08,0.02,0.00,0.00
159,2.58,0.00,3.80,2.15,0.55,0.06,0.04,0.05,3.97,0.06,12.07,50.28,13.09,9.57,1.62,0.10,0.00
160,0.27,0.00,0.22,0.08,0.01,0.00,0.42,0.05,80.15,0.22,12.44,4.86,0.40,0.21,0.67,0.00,0.00
161,0.13,0.00,0.46,0.12,0.01,0.00,0.01,0.12,23.23,0.02,34.89,40.38,0.44,0.03,0.14,0.02,0.00
162,0.18,0.00,0.00,0.00,0.00,0.00,0.08,0.18,69.50,0.04,22.41,7.47,0.00,0.00,0.11,0.03,0.00
163,0.49,0.00,0.54,0.19,0.04,0.01,0.69,0.08,0.57,0.00,84.27,9.82,1.65,0.19,0.58,0.89,0.00
164,0.46,0.00,0.65,0.23,0.05,0.01,0.24,0.06,0.90,0.00,59.06,32.22,3.23,1.25,0.88,0.75,0.00
165,4.54,0.00,1.63,0.52,0.10,0.01,0.06,0.54,0.98,0.02,51.70,3.76,23.77,0.52,3.55,8.29,0.00
166,0.21,0.00,0.28,0.09,0.02,0.00,0.29,0.60,7.95,0.16,70.32,17.84,0.91,0.02,0.55,0.76,0.00
167,0.24,0.00,0.45,0.20,0.04,0.01,2.59,0.00,0.11,0.00,90.10,5.45,0.28,0.03,0.26,0.25,0.00
168,0.79,0.00,1.03,0.32,0.14,0.02,0.18,0.21,0.32,0.01,75.81,10.88,3.62,0.00,1.10,5.59,0.00
169,0.54,0.00,0.76,0.61,0.10,0.02,1.97,0.02,0.03,0.00,42.98,43.09,3.41,4.01,1.27,1.18,0.00
170,0.86,0.02,0.02,0.00,0.00,0.00,37.45,0.63,20.95,0.07,19.76,20.02,0.00,0.00,0.22,0.00,0.00
171,0.86,0.00,0.16,0.03,0.00,0.00,2.64,0.36,85.50,0.22,6.48,3.15,0.00,0.00,0.60,0.00,0.00
172,0.32,0.00,0.64,0.21,0.01,0.00,0.35,18.75,61.27,3.84,12.49,1.15,0.04,0.00,0.88,0.04,0.00
173,0.23,0.00,0.61,0.04,0.00,0.00,1.16,39.24,31.56,3.58,22.34,1.18,0.01,0.00,0.04,0.00,0.00
174,0.37,0.00,0.74,0.28,0.05,0.00,1.41,12.97,48.71,9.18,24.46,1.70,0.00,0.00,0.13,0.00,0.00
175,0.33,0.00,0.93,0.29,0.07,0.00,0.48,24.23,35.16,0.28,35.97,1.03,0.83,0.16,0.12,0.12,0.00
176,2.87,0.00,3.12,1.46,0.54,0.03,0.59,4.33,6.91,0.04,61.98,0.70,12.76,3.99,0.67,0.00,0.00
177,5.06,0.00,7.62,4.98,2.23,0.61,5.10,1.88,24.51,6.78,6.39,7.62,9.24,1.29,8.21,8.47,0.00
178,1.36,0.00,4.56,0.99,0.21,0.07,2.85,2.28,52.60,11.03,13.07,4.23,1.12,0.11,3.86,1.66,0.00
179,0.76,0.04,0.99,0.19,0.02,0.00,1.25,1.81,83.37,2.65,6.49,1.24,0.16,0.00,0.98,0.03,0.00
180,0.56,0.00,4.68,0.45,0.05,0.01,2.27,3.12,60.40,14.70,8.80,3.26,0.46,0.08,0.88,0.27,0.00
181,1.13,0.00,3.06,0.77,0.08,0.01,3.99,2.80,61.90,3.23,15.21,3.00,1.28,0.05,3.10,0.40,0.00
182,0.56,0.00,4.50,0.93,0.18,0.04,3.44,4.51,47.75,10.85,15.85,4.66,3.07,0.28,2.66,0.71,0.00
183,0.20,0.00,4.63,0.15,0.01,0.00,1.33,1.28,55.73,20.32,10.09,3.97,1.24,0.06,0.68,0.31,0.00
184,0.11,0.00,3.63,0.19,0.03,0.01,0.69,0.42,56.44,19.26,9.75,8.44,0.59,0.01,0.27,0.15,0.00
185,0.83,0.00,2.65,0.14,0.04,0.01,0.55,4.14,69.67,12.45,5.79,3.04,0.18,0.04,0.31,0.16,0.00
186,0.35,0.00,2.37,0.16,0.04,0.00,0.43,4.30,64.43,5.03,12.27,10.17,0.00,0.00,0.24,0.21,0.00
187,0.22,0.00,4.33,0.10,0.02,0.00,0.10,2.22,76.44,4.52,7.91,3.71,0.00,0.01,0.37,0.06,0.00
188,0.89,0.00,13.08,2.47,0.85,0.09,0.46,0.55,51.24,1.83,8.28,13.92,0.21,0.70,3.88,1.56,0.00
189,0.92,0.00,3.52,0.60,0.25,0.03,1.31,4.25,27.08,7.67,19.80,31.25,0.00,0.00,1.10,2.22,0.00
190,0.16,0.00,8.24,1.01,0.44,0.05,0.21,0.04,57.90,20.00,5.78,5.64,0.01,0.29,0.18,0.06,0.00
191,1.19,0.00,7.07,2.95,1.48,0.28,0.56,0.11,5.90,31.55,11.25,29.90,0.23,5.92,1.05,0.56,0.00
192,0.17,0.00,2.89,0.82,0.08,0.01,0.00,0.41,17.88,0.00,41.51,1.54,16.07,17.37,1.22,0.01,0.00
193,0.25,0.00,1.21,1.16,0.41,0.08,7.08,0.12,3.27,0.00,68.46,6.60,7.26,3.03,1.08,0.00,0.00
194,0.17,0.00,0.37,0.13,0.01,0.00,5.59,3.43,29.47,0.02,54.98,4.15,1.16,0.13,0.37,0.00,0.00
195,4.00,0.00,0.45,0.10,0.03,0.00,24.89,0.01,0.63,0.00,51.11,17.59,0.26,0.04,0.89,0.00,0.00
196,0.08,0.00,0.30,0.07,0.00,0.00,8.49,9.38,47.17,0.44,32.10,1.07,0.60,0.01,0.30,0.01,0.00
197,0.73,0.00,1.13,0.68,0.07,0.01,4.42,0.02,0.86,0.00,77.56,0.94,10.33,0.06,3.12,0.06,0.00
198,0.38,0.00,1.33,0.32,0.00,0.00,0.43,2.94,32.24,0.15,47.96,0.09,12.96,0.09,1.11,0.00,0.00
199,0.09,0.00,0.56,0.15,0.04,0.00,15.80,0.00,0.58,0.00,40.76,41.22,0.42,0.03,0.35,0.00,0.00
200,0.00,0.00,0.15,0.06,0.01,0.00,1.56,0.00,0.12,0.00,66.68,30.92,0.18,0.20,0.12,0.00,0.00
201,0.26,5.49,0.07,0.01,0.00,0.00,27.73,1.68,20.76,0.10,0.05,40.86,0.00,0.00,2.67,0.31,0.00
202,0.21,0.33,0.26,0.09,0.02,0.00,1.18,8.82,73.12,1.67,1.42,11.19,0.04,0.00,1.51,0.15,0.00
203,0.14,0.00,0.68,0.24,0.03,0.00,0.09,7.04,58.55,0.54,20.19,10.55,0.47,0.00,1.22,0.26,0.00
204,0.27,0.00,0.77,0.35,0.09,0.01,0.13,2.88,28.60,0.04,44.62,18.79,1.90,0.09,1.01,0.44,0.00
205,0.27,0.07,0.34,0.15,0.05,0.01,0.95,28.15,46.76,5.37,2.91,13.52,0.17,0.00,1.16,0.13,0.00
206,0.32,0.00,0.41,0.12,0.02,0.00,0.09,27.77,41.05,1.75,17.39,8.20,1.55,0.01,1.17,0.15,0.00
207,0.24,0.01,0.16,0.03,0.00,0.00,1.99,16.45,56.13,2.84,0.86,18.51,0.03,0.00,2.24,0.49,0.00
208,0.10,0.00,0.37,0.14,0.02,0.00,0.42,6.76,58.36,0.87,9.36,22.16,0.26,0.00,1.05,0.12,0.00
209,1.72,0.00,0.92,0.36,0.09,0.01,0.09,3.38,4.24,0.04,65.49,10.39,9.42,0.02,2.42,1.42,0.00
210,1.23,0.00,1.50,0.27,0.04,0.00,0.18,1.52,5.87,0.17,5.56,76.26,3.05,0.07,1.67,2.62,0.00
211,0.10,0.00,0.78,0.37,0.02,0.00,0.02,0.12,2.27,0.01,70.15,21.52,2.93,0.32,0.75,0.65,0.00
212,0.00,0.00,0.22,0.05,0.00,0.00,0.71,0.00,29.10,0.00,67.83,2.08,0.00,0.00,0.00,0.00,0.00
213,0.35,0.02,2.58,1.88,0.38,0.03,0.03,0.03,0.65,0.00,34.51,9.20,40.19,1.59,4.24,4.33,0.00
214,0.56,0.00,0.97,1.03,0.14,0.01,0.01,0.01,0.04,0.00,72.21,6.94,11.38,0.15,2.95,3.61,0.00
215,0.00,0.00,0.00,0.00,0.00,0.00,1.22,0.00,62.86,0.02,35.68,0.22,0.00,0.00,0.00,0.00,0.00
216,0.00,0.00,0.11,0.17,0.02,0.00,13.42,0.02,1.28,0.00,76.00,5.42,1.29,0.17,0.94,1.16,0.00
217,0.12,0.00,1.06,0.62,0.07,0.01,0.10,0.02,15.83,0.00,68.07,12.25,0.88,0.26,0.60,0.11,0.00
218,3.85,0.00,8.58,9.16,2.48,0.54,0.79,0.00,0.08,0.00,21.02,9.95,15.09,23.17,5.22,0.07,0.00
219,0.57,0.00,1.82,0.77,0.17,0.03,0.01,0.00,5.82,0.00,53.94,36.09,0.06,0.63,0.08,0.00,0.00
220,0.13,0.00,0.74,0.28,0.14,0.02,1.11,0.00,1.55,0.00,59.81,34.31,0.64,0.97,0.27,0.03,0.00
221,0.06,0.00,0.34,0.17,0.05,0.01,0.50,0.00,14.48,0.00,65.69,18.52,0.07,0.06,0.04,0.02,0.00
222,0.02,0.00,0.57,0.17,0.04,0.00,32.47,0.00,41.20,0.00,20.00,5.52,0.00,0.00,0.00,0.00,0.00
223,0.01,0.00,0.46,0.17,0.02,0.00,0.69,0.00,1.71,0.00,41.54,55.40,0.00,0.01,0.00,0.00,0.00
224,0.09,0.00,2.19,2.04,0.96,0.18,0.98,0.00,0.18,0.00,72.52,20.39,0.13,0.17,0.14,0.03,0.00
225,0.01,0.00,0.34,0.15,0.01,0.00,0.60,0.00,6.47,0.00,77.60,14.60,0.07,0.01,0.14,0.00,0.00
226,0.04,0.00,0.41,0.22,0.02,0.00,0.38,0.00,0.09,0.00,86.56,11.85,0.09,0.10,0.13,0.10,0.00
227,0.10,0.00,0.59,0.42,0.11,0.01,1.32,0.00,0.00,0.00,89.78,5.81,0.07,0.00,1.36,0.44,0.00
228,0.03,0.00,0.30,0.04,0.00,0.00,4.21,0.00,13.93,0.00,62.60,18.80,0.01,0.00,0.06,0.01,0.00
229,0.01,0.00,0.03,0.00,0.00,0.00,2.55,0.00,62.06,0.00,29.76,5.50,0.00,0.00,0.10,0.00,0.00
230,0.00,0.00,0.16,0.07,0.00,0.00,4.34,0.00,12.19,0.00,77.64,5.59,0.00,0.00,0.00,0.00,0.00
231,0.12,0.00,0.69,0.08,0.01,0.00,4.22,0.00,0.17,0.00,73.81,20.41,0.02,0.00,0.21,0.25,0.00
232,0.01,0.00,0.42,0.05,0.01,0.00,4.56,0.00,0.01,0.00,73.58,21.18,0.02,0.00,0.10,0.06,0.00
233,0.05,0.00,0.43,0.08,0.00,0.00,1.67,0.00,0.26,0.00,74.57,22.91,0.00,0.00,0.03,0.00,0.00
234,0.76,0.00,0.01,0.00,0.00,0.00,22.50,0.00,5.79,0.00,66.24,4.59,0.00,0.00,0.11,0.00,0.00
235,0.00,0.00,0.01,0.00,0.00,0.00,1.59,0.00,14.12,0.01,79.83,4.44,0.00,0.00,0.00,0.00,0.00
236,0.03,0.00,0.09,0.00,0.00,0.00,0.33,0.00,94.03,0.00,4.30,1.22,0.00,0.00,0.00,0.00,0.00
237,0.00,0.00,0.93,0.25,0.05,0.01,0.10,0.00,0.42,0.00,84.46,13.66,0.08,0.00,0.01,0.03,0.00
238,0.00,0.00,0.11,0.02,0.00,0.00,0.02,0.04,3.24,0.00,87.23,9.33,0.00,0.01,0.01,0.00,0.00
239,0.01,0.00,0.49,0.21,0.05,0.01,0.45,0.00,42.94,0.00,50.39,5.29,0.02,0.02,0.08,0.05,0.00
240,0.07,0.00,0.63,0.18,0.08,0.02,0.09,0.15,90.48,0.01,4.54,3.70,0.00,0.00,0.01,0.05,0.00
241,0.07,0.00,0.16,0.04,0.00,0.00,0.46,6.05,84.66,0.03,1.05,7.39,0.00,0.00,0.00,0.07,0.00
242,0.08,0.00,0.54,0.15,0.03,0.00,0.08,0.09,40.65,0.00,45.87,12.43,0.01,0.01,0.04,0.02,0.00
243,0.00,0.00,1.21,0.07,0.01,0.00,0.01,0.89,88.05,0.05,5.40,4.29,0.01,0.00,0.00,0.00,0.00
244,0.00,0.00,0.14,0.00,0.00,0.00,0.01,4.32,75.99,1.14,7.97,10.42,0.00,0.00,0.00,0.00,0.00
245,0.02,0.00,0.63,0.33,0.07,0.01,0.39,0.18,7.59,0.01,89.67,0.79,0.08,0.00,0.19,0.04,0.00
246,1.54,0.00,1.04,0.40,0.08,0.02,0.01,0.09,18.57,0.00,8.82,69.12,0.00,0.00,0.00,0.31,0.00
247,0.10,0.00,0.32,0.05,0.01,0.00,1.41,0.00,58.26,0.00,32.05,7.72,0.01,0.00,0.06,0.01,0.00
248,0.05,0.00,0.67,0.10,0.01,0.00,8.65,0.00,55.67,0.00,34.44,0.41,0.00,0.00,0.00,0.00,0.00
249,0.01,0.00,0.34,0.09,0.01,0.00,0.06,0.27,91.75,0.00,6.71,0.73,0.00,0.00,0.02,0.01,0.00
250,0.22,0.00,1.12,0.52,0.21,0.06,2.88,0.00,0.02,0.00,89.16,4.24,0.01,1.24,0.18,0.13,0.01
251,0.03,0.00,0.49,0.09,0.02,0.00,0.55,0.00,0.14,0.00,87.70,10.52,0.02,0.36,0.04,0.03,0.00
252,0.01,0.00,0.24,0.12,0.02,0.00,0.67,0.03,1.03,0.00,94.44,3.10,0.06,0.09,0.16,0.01,0.03
253,0.00,0.00,0.08,0.01,0.00,0.00,0.00,0.23,29.88,0.00,65.31,4.48,0.00,0.00,0.00,0.00,0.00
254,0.01,0.00,0.46,0.10,0.02,0.00,0.10,0.01,0.19,0.00,98.38,0.43,0.00,0.04,0.23,0.02,0.00
255,10.52,0.00,5.87,6.68,2.00,0.66,0.24,0.00,0.01,0.00,29.13,0.55,0.75,39.89,3.58,0.08,0.04
256,0.00,0.00,0.28,0.14,0.01,0.00,63.13,0.00,0.00,0.00,17.65,18.79,0.00,0.00,0.00,0.00,0.00
257,0.05,0.00,0.08,0.03,0.01,0.00,75.16,0.00,0.00,0.00,20.42,4.22,0.00,0.04,0.01,0.00,0.00
258,0.09,0.00,0.78,0.28,0.04,0.01,0.30,0.62,16.67,0.25,0.16,76.54,0.26,2.31,1.02,0.66,0.00
259,0.19,0.00,2.54,0.12,0.02,0.00,0.10,0.05,0.00,0.00,11.00,62.03,0.87,22.67,0.18,0.24,0.00
260,0.26,0.00,2.45,0.39,0.18,0.04,0.19,0.05,0.05,0.00,3.49,71.79,0.81,19.48,0.54,0.27,0.00
261,0.25,0.00,3.48,0.83,0.34,0.14,0.06,0.09,0.01,0.00,0.79,26.50,2.73,64.19,0.33,0.26,0.00
262,0.06,0.00,3.92,0.49,0.07,0.02,0.04,0.00,0.00,0.00,4.65,43.96,0.01,46.66,0.01,0.10,0.00
263,0.06,0.00,1.42,0.19,0.02,0.00,0.44,0.04,5.41,0.00,10.21,72.68,0.26,8.63,0.43,0.21,0.00
264,0.08,0.00,0.80,0.17,0.01,0.00,0.27,0.02,0.16,0.00,7.13,83.86,0.43,6.29,0.30,0.47,0.00
265,2.21,0.00,3.92,0.89,0.22,0.08,0.38,0.19,0.05,0.00,2.55,42.24,1.29,41.39,2.54,2.05,0.00
266,0.12,0.00,5.04,0.84,0.19,0.10,0.08,0.05,0.02,0.00,8.25,35.63,0.00,49.22,0.01,0.46,0.00
267,0.05,0.00,1.74,0.11,0.02,0.01,1.50,0.00,0.00,0.00,58.70,30.47,0.00,7.40,0.00,0.01,0.00
268,0.02,0.00,2.47,0.55,0.21,0.06,0.28,0.00,0.00,0.00,55.64,31.16,0.00,9.20,0.10,0.31,0.00
269,4.86,0.00,8.89,14.10,5.89,1.48,0.29,0.45,0.53,0.01,4.86,22.96,7.36,22.26,4.17,1.90,0.00
270,0.37,0.00,2.39,0.30,0.04,0.02,0.17,0.29,0.01,0.02,17.02,71.15,0.19,7.62,0.37,0.04,0.00
271,0.28,0.00,3.30,0.34,0.06,0.02,0.94,0.25,0.32,0.28,45.11,28.04,0.11,20.84,0.10,0.01,0.00
272,0.43,0.00,1.43,0.12,0.01,0.00,0.51,0.57,3.47,0.20,68.99,20.77,0.01,3.39,0.09,0.01,0.00
273,0.36,0.00,0.78,0.19,0.02,0.00,0.15,0.04,0.44,0.00,49.27,47.03,0.00,1.44,0.04,0.23,0.00
274,0.54,0.00,2.10,0.49,0.18,0.05,0.19,0.01,0.14,0.00,6.12,79.34,0.24,9.47,0.33,0.80,0.00
275,0.02,0.00,0.28,0.01,0.00,0.00,0.01,0.16,17.89,0.00,26.79,53.85,0.00,0.34,0.18,0.45,0.00
276,0.03,0.00,0.27,0.00,0.00,0.00,0.00,0.00,10.57,0.00,42.07,46.19,0.15,0.33,0.24,0.15,0.00
277,0.04,0.00,0.54,0.09,0.02,0.00,0.03,0.07,16.81,0.00,39.92,42.16,0.03,0.11,0.07,0.12,0.00
278,0.03,0.00,5.75,1.62,0.55,0.08,0.15,1.96,22.44,0.00,19.90,45.82,0.01,0.11,0.52,1.07,0.00
279,0.07,0.00,4.05,2.76,1.48,0.37,0.43,0.08,1.70,0.00,3.66,82.37,0.08,1.09,0.37,1.49,0.00
280,1.44,0.00,1.62,0.22,0.03,0.01,0.50,0.00,0.00,0.00,31.17,59.40,0.08,4.94,0.15,0.45,0.00
281,0.30,0.00,0.59,0.13,0.04,0.01,0.03,0.01,3.66,0.00,7.19,86.75,0.03,0.46,0.11,0.68,0.00
282,0.09,0.00,0.06,0.01,0.00,0.00,0.00,0.15,22.67,0.00,47.53,29.40,0.00,0.00,0.04,0.05,0.00
283,0.60,0.00,0.42,0.06,0.01,0.00,0.06,0.01,0.15,0.00,37.71,60.18,0.01,0.38,0.13,0.29,0.00
284,0.00,0.00,0.77,0.06,0.01,0.00,0.09,0.00,0.46,0.00,11.81,86.48,0.00,0.30,0.00,0.01,0.00
285,0.64,0.00,2.67,0.19,0.05,0.01,2.49,0.00,0.00,0.00,23.94,65.44,0.03,4.12,0.00,0.43,0.00
286,0.00,0.00,0.34,0.03,0.00,0.00,0.00,0.00,0.19,0.00,70.57,28.70,0.01,0.15,0.00,0.00,0.00
287,1.12,0.00,3.79,0.86,0.13,0.05,0.01,3.65,0.01,0.06,0.01,46.99,1.11,41.63,0.57,0.02,0.00
288,0.77,0.00,3.11,0.60,0.07,0.02,0.08,0.66,0.02,0.07,0.03,45.38,0.59,47.46,1.11,0.05,0.00
289,1.19,0.00,4.21,1.00,0.20,0.08,0.02,0.96,0.00,0.00,0.04,33.72,0.08,57.30,0.91,0.28,0.00
290,1.27,0.00,4.45,1.77,0.49,0.20,0.05,2.19,0.20,0.02,0.03,29.88,0.95,57.56,0.85,0.10,0.00
291,0.49,0.00,3.26,0.78,0.08,0.02,0.04,1.47,0.08,0.17,0.00,59.65,0.69,31.87,1.03,0.37,0.00
292,0.42,0.00,3.86,0.89,0.15,0.05,0.01,1.86,0.00,0.01,0.00,14.71,0.42,76.89,0.50,0.22,0.00
293,2.43,0.00,4.32,2.20,0.70,0.22,0.08,0.45,0.00,0.00,0.01,16.79,0.96,63.78,6.74,1.31,0.00
294,0.44,0.00,5.69,0.71,0.24,0.12,0.32,0.72,0.38,0.50,36.16,17.30,0.53,36.76,0.12,0.00,0.00
295,1.39,0.00,4.75,0.90,0.36,0.15,0.60,3.54,0.45,0.00,11.81,55.88,1.01,19.11,0.04,0.02,0.00
296,0.73,0.00,4.44,0.29,0.07,0.03,0.01,2.14,2.38,0.00,57.28,24.68,0.51,7.33,0.09,0.00,0.00
297,2.92,0.00,3.23,0.31,0.08,0.03,0.01,8.32,1.85,4.03,16.63,53.21,0.14,9.13,0.07,0.03,0.00
298,0.77,0.00,4.25,0.58,0.10,0.02,0.27,2.33,3.82,1.25,4.47,49.98,0.17,31.25,0.48,0.26,0.00
299,0.70,0.00,4.80,0.69,0.14,0.10,0.07,0.04,0.02,1.44,32.60,4.94,0.00,54.05,0.41,0.00,0.00
300,0.51,0.00,2.67,0.84,0.15,0.01,0.58,0.50,6.52,0.02,0.31,72.84,0.02,15.00,0.02,0.03,0.00
301,1.88,0.00,5.64,2.19,1.27,0.65,0.16,10.85,1.33,0.00,0.09,49.55,3.65,22.41,0.18,0.15,0.00
302,29.45,0.00,1.14,0.65,0.03,0.00,30.22,0.93,0.00,0.00,0.01,26.46,0.00,3.26,3.91,3.92,0.00
303,0.73,0.00,3.91,0.40,0.09,0.04,0.13,0.27,2.27,0.73,12.34,54.11,0.03,24.78,0.11,0.05,0.00
304,1.10,0.00,2.06,0.18,0.03,0.00,0.47,4.75,0.13,0.10,1.03,83.26,0.18,6.70,0.00,0.00,0.00
305,1.82,0.00,3.33,0.96,0.19,0.05,0.05,5.37,0.07,0.09,0.05,65.22,8.45,13.08,1.10,0.16,0.00
306,2.69,0.00,5.59,1.10,0.32,0.13,0.08,38.76,0.24,0.03,0.01,35.12,13.14,2.73,0.05,0.03,0.00
307,7.70,0.00,7.40,4.35,2.06,0.88,0.13,23.06,1.94,0.00,0.03,35.53,11.99,3.39,1.25,0.27,0.00
308,1.40,0.00,5.85,0.76,0.17,0.07,0.15,13.13,6.62,0.00,18.40,42.44,5.55,4.97,0.46,0.01,0.00
309,3.04,0.00,7.09,4.21,1.72,1.00,0.10,7.50,4.43,0.01,0.14,52.78,10.45,6.36,1.15,0.02,0.00
310,0.91,0.00,4.55,0.76,0.28,0.13,0.08,9.07,13.35,0.00,23.92,40.32,1.93,3.40,1.29,0.00,0.00
311,3.76,0.00,3.72,0.29,0.06,0.02,0.00,6.29,29.27,0.00,10.69,42.94,0.12,2.40,0.43,0.00,0.00
312,0.98,0.00,3.60,1.08,0.29,0.14,0.24,25.97,1.36,0.00,0.00,44.77,17.87,3.69,0.00,0.00,0.00
313,1.09,0.00,4.30,0.65,0.23,0.09,0.02,17.96,3.31,0.00,0.02,55.70,2.25,14.38,0.00,0.00,0.00
314,1.19,0.00,1.90,0.50,0.14,0.03,0.67,26.18,10.09,0.00,0.00,54.17,3.19,1.80,0.00,0.13,0.00
315,0.78,0.00,6.76,8.97,3.31,1.56,0.46,11.41,3.02,6.24,2.58,0.82,33.74,10.95,5.96,3.43,0.02
316,2.56,0.00,8.97,11.42,6.19,3.33,0.91,6.06,4.64,9.70,3.19,2.50,23.69,9.48,4.41,2.95,0.00
317,1.35,0.00,5.36,5.78,1.64,0.73,0.78,2.21,55.59,5.55,2.71,4.54,10.10,0.21,1.54,1.92,0.00
318,0.53,0.00,6.06,6.22,2.21,0.64,1.87,5.43,44.29,10.90,7.58,3.32,7.79,0.45,1.39,1.32,0.00
319,2.10,0.00,10.94,9.45,2.21,0.33,0.48,7.96,23.74,25.41,7.73,2.38,3.23,0.10,3.40,0.54,0.00
320,3.27,0.00,10.50,13.32,7.53,3.11,2.33,5.28,31.94,8.81,6.64,2.49,1.00,0.05,2.91,0.82,0.00
321,1.27,0.00,12.24,11.39,4.45,1.55,0.53,3.60,23.16,9.69,6.91,7.16,10.50,1.30,4.29,1.95,0.00
322,2.50,0.00,6.01,3.72,1.91,1.00,2.67,8.36,35.47,9.01,14.62,5.10,3.92,0.25,3.35,2.12,0.00
323,0.87,0.00,5.93,3.35,1.22,0.49,0.56,8.27,20.07,9.82,10.31,4.14,22.22,2.96,7.92,1.88,0.00
324,0.12,0.00,1.70,0.19,0.05,0.02,0.01,4.89,10.98,0.01,76.65,4.54,0.30,0.50,0.03,0.00,0.00
325,2.82,0.00,3.72,0.26,0.07,0.03,0.01,3.34,20.12,0.01,45.20,22.54,1.01,0.86,0.03,0.00,0.00
326,0.94,0.00,4.73,1.40,0.62,0.16,0.13,8.57,36.93,0.01,33.92,12.01,0.18,0.16,0.22,0.00,0.00
327,0.03,0.00,1.71,0.33,0.07,0.01,0.02,1.15,1.19,0.00,94.43,0.67,0.00,0.20,0.14,0.04,0.00
328,0.13,0.00,5.70,0.87,0.15,0.04,0.09,2.22,3.65,0.21,57.05,11.26,2.56,13.83,2.16,0.07,0.00
329,0.06,0.00,1.19,0.61,0.15,0.06,0.41,0.91,0.84,0.01,85.87,9.51,0.02,0.07,0.29,0.04,0.00
330,0.30,0.00,2.43,1.64,0.39,0.05,0.25,0.22,0.29,0.05,63.15,15.74,9.35,3.25,2.47,0.41,0.00
331,5.50,0.00,3.47,5.23,5.02,1.82,0.45,0.95,0.09,0.53,29.25,11.33,6.15,18.66,6.68,4.14,0.74
332,2.15,0.00,8.31,4.44,2.71,1.49,0.07,8.40,1.41,0.13,4.59,28.37,18.40,17.56,1.83,0.15,0.00
333,0.52,0.00,5.28,1.14,0.25,0.09,0.05,9.59,2.79,1.39,13.58,3.37,53.92,3.47,4.39,0.17,0.00
334,5.11,0.00,3.88,0.72,0.38,0.17,0.36,7.65,1.40,0.24,2.49,11.43,27.71,29.34,7.98,1.13,0.00
335,5.10,0.00,2.96,3.51,0.37,0.14,0.09,20.33,1.15,1.24,4.45,6.59,42.33,3.75,7.91,0.08,0.00
336,0.88,0.00,4.31,1.47,0.31,0.07,0.51,14.56,3.59,5.04,22.60,4.23,34.12,3.28,4.77,0.26,0.00
337,0.69,0.00,5.09,1.09,0.24,0.07,0.09,9.91,1.19,4.95,13.16,3.46,52.07,3.94,3.74,0.33,0.00
338,0.82,0.00,1.73,5.79,0.76,0.33,0.07,10.66,0.49,0.04,5.92,0.62,60.72,7.05,4.98,0.04,0.00
339,1.79,0.00,5.69,1.97,0.26,0.04,0.01,6.24,50.03,10.12,11.11,0.64,9.39,0.42,2.10,0.16,0.00
340,3.85,0.00,2.45,0.96,0.19,0.05,0.28,9.55,0.77,0.91,6.83,2.68,27.98,20.87,21.44,1.19,0.00
341,1.08,0.00,6.09,5.67,3.44,1.66,0.22,2.08,2.61,1.02,4.16,2.32,29.03,30.65,7.07,2.90,0.00
342,0.18,0.00,3.94,1.45,1.14,0.39,0.30,2.42,0.19,0.05,21.79,4.03,19.51,40.41,2.79,1.41,0.00
343,3.43,0.00,4.15,1.86,1.14,0.34,0.47,8.65,2.89,2.99,5.19,1.91,28.71,9.89,24.27,4.11,0.00
344,0.03,0.00,3.25,0.43,0.04,0.00,1.42,2.94,2.69,0.04,28.05,47.60,8.62,1.95,1.86,1.08,0.00
345,0.72,0.00,6.43,5.83,2.72,0.71,0.78,0.24,0.07,0.05,9.76,3.92,13.17,53.60,0.99,1.01,0.00
346,2.20,0.00,5.98,8.33,5.56,1.35,1.18,1.40,0.09,0.21,10.12,5.53,7.57,43.54,4.91,1.84,0.21
347,25.09,0.00,0.39,1.12,0.42,0.20,0.47,0.03,0.05,0.07,0.18,0.69,1.89,2.04,2.09,65.26,0.00
348,9.05,0.00,3.51,2.65,1.50,0.74,4.34,2.58,0.39,0.04,3.26,9.91,5.01,1.68,7.35,47.99,0.00
349,2.42,0.00,2.62,1.76,1.17,0.44,14.60,1.02,0.26,0.03,16.47,27.06,0.35,1.20,7.56,23.01,0.03
350,0.72,0.00,5.44,9.43,0.95,0.53,0.04,0.78,0.17,0.54,0.96,0.46,20.64,52.32,6.42,0.61,0.00
351,2.07,0.00,3.44,3.40,0.53,0.20,0.07,11.38,31.94,9.18,12.05,1.02,13.06,0.74,10.73,0.20,0.00
352,7.84,0.00,1.51,1.21,0.16,0.07,0.26,4.12,13.95,3.53,3.76,0.93,5.79,0.88,54.23,1.76,0.00
353,2.26,0.00,2.93,3.03,0.40,0.12,0.07,8.44,38.77,6.00,14.01,0.70,8.39,2.26,12.32,0.32,0.00
354,1.01,0.00,3.97,0.96,0.19,0.06,0.08,29.45,15.98,5.52,1.13,9.93,29.14,0.29,2.03,0.28,0.00
355,3.35,0.00,4.17,1.93,0.26,0.09,0.16,2.51,42.46,8.50,12.95,5.73,6.73,0.15,10.54,0.46,0.00
356,0.65,0.00,4.29,3.47,0.62,0.20,0.17,1.44,27.16,10.85,12.11,8.72,6.61,1.15,21.77,0.80,0.00
357,6.60,0.00,2.66,3.33,0.70,0.25,0.71,4.89,1.90,0.94,5.84,2.22,25.59,27.28,15.74,1.35,0.00
358,0.46,0.00,3.88,1.32,0.26,0.08,0.19,22.99,21.69,8.47,2.25,3.56,31.72,0.84,2.25,0.05,0.00
359,2.08,0.00,4.45,0.77,0.08,0.02,0.03,27.81,33.83,15.78,1.30,4.50,9.08,0.03,0.24,0.01,0.00
360,2.77,0.00,4.14,1.25,0.38,0.15,0.12,42.83,23.33,15.91,0.75,2.67,5.46,0.04,0.18,0.02,0.00
361,5.19,0.00,4.53,1.05,0.12,0.03,0.06,37.69,21.81,13.66,0.88,2.91,11.35,0.06,0.61,0.04,0.00
362,1.22,0.00,3.39,1.42,0.38,0.15,0.03,40.73,29.52,10.55,1.13,3.13,7.39,0.24,0.70,0.02,0.00
363,0.86,0.00,3.05,0.20,0.01,0.00,0.00,29.58,42.58,8.29,2.48,10.59,2.05,0.01,0.27,0.03,0.00
364,3.93,0.00,4.01,0.45,0.09,0.01,0.02,24.14,14.78,8.25,0.93,8.09,32.80,0.17,2.28,0.05,0.00
365,0.40,0.00,2.23,0.41,0.02,0.00,0.07,42.91,28.84,11.83,1.37,4.83,6.73,0.21,0.14,0.00,0.00
366,13.13,0.00,2.72,1.71,0.46,0.21,0.67,9.87,2.82,2.15,0.50,1.78,30.85,23.25,8.02,1.88,0.00
367,1.83,0.00,3.69,1.51,0.21,0.07,0.04,27.98,16.78,8.57,0.55,1.42,35.43,1.03,0.85,0.04,0.00
368,3.90,0.00,4.52,2.52,0.64,0.23,0.19,19.80,8.52,5.69,1.44,6.06,42.85,0.86,2.65,0.14,0.00
369,4.38,0.00,4.02,0.53,0.14,0.07,0.16,43.79,1.08,1.22,0.34,21.97,20.89,0.81,0.54,0.05,0.00
370,0.03,0.00,2.66,0.19,0.02,0.00,0.02,79.47,2.87,0.68,0.03,1.88,11.97,0.01,0.16,0.00,0.00
371,1.21,0.00,3.18,0.61,0.12,0.03,0.04,61.87,9.07,4.57,0.53,2.99,15.36,0.05,0.33,0.01,0.00
372,1.41,0.00,5.20,2.59,0.84,0.33,0.19,26.87,0.85,1.03,0.45,1.01,55.11,3.50,0.63,0.01,0.00
373,1.91,0.00,4.05,0.53,0.11,0.02,0.06,60.70,2.81,1.66,0.28,3.12,24.25,0.07,0.42,0.01,0.00
374,4.13,0.00,3.48,0.79,0.15,0.03,0.19,56.23,7.74,4.65,0.38,1.60,20.30,0.10,0.23,0.00,0.00
375,0.25,0.00,4.06,1.06,0.21,0.06,0.04,48.24,2.31,3.91,0.28,1.75,36.95,0.51,0.37,0.00,0.00
376,3.59,0.00,4.06,0.80,0.19,0.05,0.12,63.51,3.14,1.38,0.51,1.92,18.30,1.54,0.73,0.15,0.00
377,0.46,0.00,3.43,1.14,0.22,0.05,0.33,64.79,3.35,6.71,0.22,1.72,16.58,0.31,0.69,0.02,0.00
378,0.45,0.00,3.85,0.37,0.05,0.01,0.12,71.99,4.36,4.24,0.89,2.09,10.69,0.41,0.47,0.01,0.00
379,0.33,0.00,3.01,0.15,0.02,0.00,0.17,74.48,5.39,7.16,0.56,1.16,6.91,0.03,0.57,0.04,0.00
380,0.70,0.00,4.99,3.49,1.03,0.37,0.22,59.30,3.00,3.07,0.09,2.05,18.29,2.85,0.54,0.01,0.00
381,1.55,0.00,3.36,0.60,0.09,0.01,0.11,69.39,3.69,4.88,0.08,1.59,11.40,1.78,1.24,0.23,0.00
382,0.22,0.00,4.16,1.18,0.17,0.05,0.05,24.32,0.90,0.84,1.12,0.34,47.21,18.43,0.99,0.01,0.00
383,8.66,0.00,9.25,17.84,14.94,6.39,1.35,2.63,2.73,2.25,2.29,1.74,15.23,5.59,5.37,3.74,0.00
384,3.32,0.00,4.79,7.47,3.92,1.60,0.52,0.45,3.04,1.45,1.29,1.65,28.39,32.84,8.22,1.05,0.00
385,0.70,0.00,4.46,8.65,4.65,1.64,0.27,0.68,3.55,1.93,0.84,1.52,40.74,26.70,2.91,0.75,0.00
386,0.67,0.00,4.90,3.03,0.84,0.15,0.64,2.38,32.94,12.03,9.99,8.20,16.75,6.18,1.12,0.18,0.00
387,1.00,0.00,3.59,1.32,0.12,0.03,0.05,18.65,0.09,0.58,0.98,2.26,42.00,27.39,1.81,0.13,0.00
388,2.29,0.00,5.71,2.89,0.92,0.43,0.09,12.59,0.06,0.26,0.09,19.07,40.48,14.35,0.66,0.10,0.00
389,1.06,0.00,5.70,3.45,0.83,0.30,0.10,14.39,0.07,0.26,0.36,2.27,43.88,25.07,2.14,0.14,0.00
390,1.66,0.00,4.32,1.33,0.26,0.09,0.23,13.29,0.14,0.09,0.26,1.04,40.83,30.77,5.08,0.64,0.00
391,0.51,0.00,3.96,1.56,0.36,0.10,0.06,15.49,0.13,0.25,0.58,0.84,31.73,42.33,2.01,0.09,0.00
392,3.31,0.01,0.71,0.22,0.05,0.00,1.14,17.97,55.49,1.99,12.14,6.37,0.38,0.00,0.11,0.03,0.06
393,0.44,1.30,0.01,0.00,0.00,0.00,21.00,0.25,43.86,1.38,25.54,6.18,0.02,0.00,0.01,0.00,0.01
394,1.98,0.00,0.24,0.06,0.01,0.00,0.56,1.48,84.99,0.37,8.16,1.75,0.25,0.00,0.13,0.01,0.01
395,0.17,0.00,0.00,0.00,0.00,0.00,4.04,1.46,68.94,1.32,13.85,9.76,0.29,0.00,0.17,0.00,0.00
396,0.23,0.00,0.00,0.00,0.00,0.00,1.54,0.02,90.06,0.04,5.89,1.89,0.05,0.00,0.28,0.00,0.00
397,7.48,0.00,3.14,0.21,0.02,0.00,0.03,0.21,0.00,0.00,0.51,49.15,6.73,28.60,0.06,3.87,0.00
398,12.58,0.00,3.40,0.49,0.15,0.06,0.12,0.08,0.01,0.01,0.25,48.14,10.77,17.96,0.34,5.63,0.00
399,2.94,0.00,3.67,0.43,0.06,0.01,0.09,0.31,0.00,0.00,0.41,38.15,4.61,47.40,0.58,1.31,0.00
400,5.14,0.00,3.17,0.44,0.01,0.00,0.08,0.31,0.00,0.00,0.73,41.79,1.69,43.52,0.19,2.91,0.00
401,1.82,0.00,3.13,0.17,0.03,0.01,0.02,0.35,0.00,0.00,0.01,21.92,35.66,35.00,0.00,1.86,0.00
402,1.20,0.00,3.17,0.43,0.08,0.02,0.06,0.29,0.02,0.00,0.19,38.22,11.95,43.57,0.00,0.80,0.00
403,0.31,0.00,4.05,0.38,0.04,0.01,0.01,1.28,0.04,0.00,0.00,51.59,4.88,34.63,1.42,1.36,0.00
404,8.79,0.00,2.28,0.18,0.02,0.01,0.04,8.29,1.83,0.00,0.82,63.03,2.94,7.75,1.82,2.20,0.00
405,0.55,0.00,3.04,0.27,0.02,0.00,0.14,0.15,0.02,0.01,1.03,39.02,0.38,53.15,0.98,1.20,0.00
406,0.37,0.00,1.04,0.22,0.02,0.00,0.33,0.03,0.08,0.00,7.60,66.00,0.89,21.21,1.62,0.59,0.00
407,0.91,0.00,3.04,0.17,0.00,0.00,0.05,0.03,0.00,0.00,0.69,39.94,0.00,54.75,0.05,0.31,0.05
408,0.13,0.00,0.77,0.02,0.00,0.00,0.06,0.00,0.01,0.00,11.08,74.16,0.38,12.55,0.55,0.14,0.14
409,0.07,0.00,0.52,0.07,0.00,0.00,0.26,0.00,0.02,0.00,6.52,73.46,0.10,18.56,0.26,0.14,0.01
410,0.05,0.00,3.26,0.06,0.01,0.00,0.37,0.00,0.03,0.00,0.62,45.81,0.03,49.58,0.05,0.04,0.09
411,0.64,0.00,2.98,0.55,0.10,0.02,0.34,0.00,0.01,0.00,2.23,27.84,0.70,63.63,0.69,0.26,0.00
412,0.20,0.00,3.80,0.33,0.06,0.02,0.03,2.66,0.29,0.00,0.00,53.46,2.16,35.26,1.28,0.46,0.00
413,1.14,0.00,0.55,0.23,0.04,0.00,0.30,2.19,1.55,0.05,14.42,74.13,1.50,1.87,1.54,0.45,0.03
414,0.28,0.00,1.06,0.14,0.01,0.00,0.22,0.48,2.43,0.20,17.27,55.30,2.07,17.92,2.20,0.40,0.00
415,0.50,0.00,2.36,0.32,0.03,0.00,0.19,0.85,0.16,0.03,1.58,55.15,7.32,30.37,0.90,0.22,0.00
416,1.02,0.00,0.23,0.07,0.01,0.00,3.63,9.11,2.65,1.18,14.15,64.08,0.33,1.74,1.16,0.64,0.00
417,9.32,0.00,1.16,0.31,0.07,0.02,0.63,1.50,1.57,0.19,6.49,68.44,1.11,6.25,1.70,1.24,0.00
418,0.06,0.00,0.25,0.06,0.00,0.00,0.68,1.63,22.76,0.04,20.66,51.50,0.45,1.23,0.49,0.18,0.00
419,0.19,0.00,0.35,0.13,0.01,0.00,0.32,0.03,0.62,0.00,18.22,75.55,0.66,2.81,0.75,0.38,0.00
420,0.67,0.00,1.81,0.34,0.03,0.01,0.17,0.21,0.02,0.04,0.03,74.91,1.60,19.29,0.65,0.24,0.00
421,0.73,0.00,1.32,0.41,0.12,0.04,0.50,0.09,0.86,0.02,13.91,72.40,1.36,5.77,1.61,0.85,0.00
422,0.44,0.00,0.51,0.19,0.03,0.00,24.07,0.26,0.47,0.06,0.08,70.13,0.13,2.91,0.40,0.32,0.00
423,0.38,0.00,1.99,0.44,0.03,0.00,0.28,0.74,0.40,0.70,0.00,77.83,1.61,11.18,1.32,3.08,0.00
424,0.56,0.00,0.42,0.10,0.01,0.00,0.17,0.27,0.03,0.00,0.50,88.64,2.91,5.50,0.76,0.14,0.00
425,0.58,0.00,0.33,0.13,0.00,0.00,1.73,0.01,0.00,0.00,7.54,85.89,2.60,1.02,0.12,0.03,0.00
426,2.37,0.00,0.07,0.01,0.00,0.00,0.47,0.00,16.86,0.00,26.23,49.13,0.14,2.86,1.52,0.34,0.00
427,0.05,0.00,1.24,0.27,0.02,0.00,0.11,0.03,0.55,0.00,6.01,49.08,4.24,35.80,1.98,0.61,0.00
428,0.16,0.00,0.70,0.25,0.10,0.03,0.19,0.04,2.10,0.00,18.79,65.42,0.96,9.08,1.67,0.52,0.00
429,0.27,0.00,0.69,0.19,0.03,0.00,0.41,0.00,1.52,0.00,12.73,58.93,2.46,20.34,2.23,0.20,0.00
430,0.05,0.00,0.20,0.05,0.01,0.00,0.22,0.22,28.29,0.00,33.76,34.76,0.32,0.90,1.02,0.21,0.00
431,0.31,0.00,0.83,0.34,0.12,0.03,0.53,0.16,2.56,0.00,39.15,49.21,2.10,1.25,2.69,0.71,0.00
432,2.73,0.00,2.44,0.16,0.02,0.00,0.02,9.34,9.92,4.88,0.00,61.82,0.60,4.60,2.96,0.48,0.00
433,0.14,0.00,0.49,0.07,0.01,0.00,0.01,0.60,10.59,0.08,35.09,44.71,3.41,1.68,2.93,0.18,0.00
434,0.22,0.00,1.89,0.45,0.10,0.01,0.00,0.16,6.40,0.02,30.02,47.77,10.15,1.99,0.80,0.03,0.00
435,0.08,0.00,0.33,0.06,0.00,0.00,0.01,0.16,18.73,0.81,17.31,60.51,1.15,0.35,0.43,0.06,0.00
436,0.39,0.00,0.40,0.09,0.01,0.00,0.14,0.83,4.84,0.00,45.57,37.86,1.44,5.51,2.44,0.48,0.00
437,0.10,0.00,0.44,0.16,0.07,0.01,1.16,0.00,0.48,0.00,30.40,65.04,0.31,0.43,0.84,0.54,0.00
438,0.05,0.00,0.95,0.64,0.23,0.02,2.70,0.02,1.12,0.00,52.68,39.24,1.23,0.12,0.47,0.53,0.00
439,0.47,0.00,0.84,0.12,0.01,0.00,0.06,0.17,0.12,0.22,0.00,89.81,0.63,5.12,0.42,1.99,0.00
440,4.16,0.00,0.21,0.15,0.02,0.00,0.00,0.01,0.01,0.00,0.00,88.84,0.11,0.24,0.29,5.96,0.00
441,0.36,0.00,2.44,0.24,0.03,0.01,0.09,0.26,0.02,0.00,0.00,67.11,7.09,14.91,2.22,5.21,0.00
442,2.80,0.00,0.20,0.05,0.00,0.00,0.01,0.05,0.03,0.01,0.01,89.26,0.15,0.18,0.39,6.86,0.00
443,3.21,0.00,9.12,4.25,1.02,0.45,0.90,40.39,19.16,1.01,1.20,6.62,11.44,0.02,1.21,0.00,0.00
444,2.41,0.00,8.56,4.29,1.19,0.63,0.78,29.35,22.57,1.55,0.95,7.65,17.19,0.16,2.73,0.01,0.00
445,2.56,0.00,5.32,1.28,0.33,0.13,0.51,35.78,20.75,3.78,1.97,6.18,19.43,0.49,1.45,0.01,0.00
446,0.55,0.00,3.74,0.84,0.11,0.03,0.84,50.98,28.24,0.51,1.70,6.00,5.51,0.03,0.93,0.00,0.00
447,1.22,0.00,6.71,2.47,0.60,0.21,0.16,44.82,10.37,3.70,2.37,2.94,22.69,0.70,1.01,0.02,0.00
448,2.04,0.00,6.46,1.91,0.54,0.15,0.25,34.54,20.59,4.76,2.92,4.26,14.43,2.86,4.19,0.09,0.00
449,2.96,0.00,8.46,3.27,1.18,0.40,0.32,30.18,23.19,4.63,2.46,6.65,11.39,1.04,3.81,0.06,0.00
450,0.86,0.00,4.18,1.19,0.15,0.06,0.46,47.25,24.95,0.52,1.49,6.64,10.63,0.04,1.57,0.01,0.00
451,0.94,0.00,6.86,2.90,0.55,0.20,0.04,52.10,10.45,2.26,1.59,4.52,17.00,0.11,0.48,0.01,0.00
452,0.55,0.00,3.59,0.28,0.04,0.00,0.00,18.59,1.18,0.22,0.00,16.17,9.81,45.48,1.84,2.25,0.00
453,13.32,0.00,4.01,0.36,0.04,0.01,0.00,47.12,0.00,0.00,0.00,11.41,10.67,9.65,0.39,3.01,0.00
454,7.82,0.00,3.87,0.52,0.14,0.05,0.07,0.45,0.02,0.00,0.00,9.64,9.19,61.26,0.57,6.41,0.00
455,3.46,0.00,3.73,0.23,0.03,0.01,0.07,1.36,0.01,0.00,0.00,36.27,20.00,24.44,0.60,9.78,0.00
456,6.42,0.00,4.29,0.47,0.11,0.03,0.10,0.95,0.00,0.00,0.00,2.17,5.35,71.98,0.30,7.82,0.00
457,7.31,0.00,3.57,0.23,0.01,0.00,0.01,0.42,0.05,0.01,0.00,14.62,17.38,49.16,0.50,6.72,0.00
458,1.32,0.00,4.06,0.60,0.09,0.02,0.01,0.27,0.02,0.00,0.00,10.26,4.00,73.98,0.20,5.17,0.01
459,1.29,0.00,3.79,0.80,0.06,0.00,0.33,0.24,0.00,0.00,0.01,17.73,1.41,71.54,0.02,2.78,0.01
460,2.58,0.00,3.95,0.34,0.06,0.01,0.02,0.51,0.04,0.01,0.04,7.01,20.55,57.46,0.25,7.17,0.00
461,4.99,0.00,3.62,0.24,0.02,0.00,0.03,0.64,0.07,0.00,0.00,13.70,36.11,31.84,0.63,8.11,0.00
462,10.90,0.00,3.66,0.31,0.07,0.01,0.02,0.68,0.00,0.00,0.00,23.69,8.71,48.83,0.03,3.08,0.00
463,0.48,0.00,3.74,0.41,0.08,0.01,0.08,3.84,0.00,0.00,0.02,22.89,19.84,47.47,0.10,1.02,0.00
464,0.95,0.00,4.72,0.67,0.28,0.09,0.05,0.41,0.00,0.00,0.00,21.98,10.51,58.29,0.02,2.00,0.00
465,1.06,0.00,4.10,0.47,0.17,0.05,0.05,0.62,0.00,0.00,0.02,9.83,29.21,52.13,0.02,2.26,0.00
466,2.34,0.00,4.28,0.54,0.18,0.04,0.15,1.12,0.00,0.00,0.00,1.97,14.21,65.21,0.21,9.75,0.00
467,0.30,0.00,5.49,0.94,0.37,0.12,0.06,1.09,0.01,0.16,0.06,3.91,5.91,80.60,0.08,0.91,0.00
468,1.30,0.00,5.26,1.25,0.37,0.11,0.06,1.71,0.01,0.11,0.03,2.09,2.33,82.67,0.72,1.99,0.00
469,0.52,0.00,5.57,2.03,0.52,0.17,0.05,2.67,0.04,0.00,0.00,4.79,3.88,77.80,1.50,0.46,0.00
470,4.91,0.00,4.65,2.00,0.85,0.55,0.13,1.57,0.02,0.03,0.04,3.35,2.66,73.09,3.90,2.24,0.00
471,0.23,0.00,5.10,1.22,0.17,0.04,0.01,1.56,0.01,0.01,0.02,3.57,9.20,78.32,0.33,0.20,0.00
472,0.94,0.00,5.08,2.28,0.56,0.19,0.05,9.60,0.04,0.03,0.20,4.97,20.89,53.23,1.47,0.46,0.00
473,2.05,0.00,5.99,2.63,1.02,0.31,0.10,12.42,0.80,0.09,0.38,2.89,16.43,53.38,0.80,0.70,0.00
474,0.84,0.00,4.64,3.86,1.21,0.55,0.05,7.68,0.02,0.01,0.03,11.87,3.94,64.17,1.06,0.07,0.00
475,1.05,0.00,3.83,1.39,0.38,0.16,0.01,8.11,0.04,0.08,0.09,24.09,15.46,44.49,0.77,0.05,0.00
476,6.46,0.00,3.61,2.94,0.84,0.35,0.16,2.08,0.00,0.01,0.00,10.07,0.22,69.04,3.85,0.37,0.00
477,0.70,0.00,3.72,0.79,0.08,0.03,0.01,2.81,0.01,0.00,0.00,21.22,1.36,68.62,0.58,0.07,0.00
478,0.91,0.00,3.98,1.26,0.28,0.14,0.03,2.67,0.00,0.00,0.00,26.78,0.16,62.22,1.43,0.12,0.00
479,0.38,0.00,6.13,1.75,0.43,0.18,0.02,12.20,0.25,0.01,0.02,15.07,11.99,51.06,0.15,0.36,0.00
480,0.92,0.00,4.80,1.02,0.27,0.10,0.01,0.86,0.06,0.04,0.00,0.31,1.56,87.32,1.48,1.25,0.00
481,0.84,0.00,3.79,0.51,0.05,0.01,0.04,5.35,0.15,0.09,0.12,5.60,7.89,65.38,4.05,6.14,0.00
482,2.20,0.00,4.66,1.06,0.35,0.06,0.01,0.72,0.07,0.00,0.00,0.07,1.24,88.66,0.83,0.06,0.00
483,1.82,0.00,3.87,0.77,0.06,0.01,0.02,7.09,0.21,0.00,0.19,1.36,9.65,60.67,2.75,11.53,0.00
484,14.76,0.00,1.12,0.17,0.02,0.00,0.01,3.83,0.64,0.01,0.61,0.99,3.00,7.39,46.13,21.29,0.01
485,1.40,0.00,1.32,0.50,0.20,0.06,0.02,21.76,2.93,7.19,4.47,0.81,4.01,0.81,47.98,6.56,0.00
486,1.47,0.00,2.28,0.60,0.08,0.02,0.91,1.81,69.77,4.11,14.28,2.52,0.85,0.34,0.89,0.09,0.00
487,0.27,0.01,0.95,0.50,0.07,0.02,0.78,0.08,79.50,0.09,15.04,2.22,0.00,0.00,0.41,0.04,0.00
488,1.89,0.00,0.50,0.27,0.08,0.02,1.78,0.01,87.04,0.00,7.30,0.56,0.00,0.01,0.40,0.13,0.00
489,2.85,9.05,0.28,0.11,0.05,0.01,27.83,0.04,42.42,0.01,13.46,3.61,0.02,0.00,0.22,0.02,0.00
490,0.73,0.00,0.45,0.05,0.01,0.00,1.40,0.00,89.07,0.01,7.79,0.41,0.01,0.00,0.00,0.07,0.00
491,1.12,0.00,0.71,0.11,0.03,0.01,1.43,0.12,83.57,0.25,11.01,1.20,0.02,0.03,0.03,0.38,0.00
492,0.24,0.00,1.31,0.37,0.10,0.02,2.01,0.19,65.91,0.12,23.25,4.33,0.60,0.97,0.01,0.58,0.00
493,0.10,0.00,2.48,0.45,0.08,0.01,0.03,2.38,70.87,0.49,20.13,2.77,0.04,0.08,0.00,0.07,0.00
494,1.37,0.00,3.11,0.80,0.32,0.16,0.36,41.52,10.92,17.14,3.76,0.75,7.60,1.84,9.37,0.96,0.00
495,3.41,0.00,3.31,1.64,0.50,0.13,0.86,22.41,11.12,4.13,1.12,3.39,2.58,1.72,40.17,3.50,0.00
496,9.67,0.00,4.08,2.28,0.66,0.19,1.52,17.57,8.97,3.93,2.03,5.03,1.84,3.48,36.37,2.37,0.00
497,2.51,0.00,4.16,1.48,0.14,0.02,0.22,30.00,8.34,3.53,2.56,7.11,6.26,6.78,24.91,1.98,0.00
498,0.69,0.00,4.36,1.09,0.09,0.01,0.05,52.30,8.23,4.32,2.80,7.41,1.27,4.57,11.89,0.91,0.00
499,2.88,0.00,5.56,1.81,0.27,0.07,0.12,29.25,18.19,4.84,5.04,9.15,3.07,4.41,13.49,1.86,0.00
500,1.67,0.00,4.67,2.04,0.34,0.11,0.17,32.75,5.81,1.72,2.55,6.71,10.61,17.80,11.36,1.69,0.00
501,1.95,0.00,4.25,1.23,0.13,0.03,0.10,41.42,11.73,7.30,3.40,5.78,1.77,7.51,11.14,2.23,0.00
502,1.54,0.00,4.83,2.93,0.61,0.15,0.33,24.82,7.06,2.60,2.29,6.23,6.98,10.34,25.53,3.76,0.00
503,7.31,0.00,3.01,0.44,0.12,0.04,0.02,36.60,2.42,2.57,3.42,1.39,9.46,2.26,21.70,9.24,0.00
504,5.72,0.00,5.06,0.21,0.05,0.02,0.02,43.62,10.48,11.22,8.63,1.44,2.40,1.35,6.29,3.49,0.00
505,2.84,0.00,2.45,0.68,0.23,0.09,0.14,54.83,6.88,14.41,1.44,0.76,0.82,1.19,12.29,0.95,0.00
506,7.67,0.00,3.80,0.29,0.07,0.02,0.02,42.65,6.74,10.14,2.97,0.31,3.31,1.37,19.96,0.68,0.00
507,3.83,0.00,3.14,0.28,0.02,0.00,0.00,62.12,0.58,1.52,0.71,0.67,4.74,11.70,9.07,1.62,0.00
508,2.11,0.00,2.86,0.43,0.05,0.02,0.00,47.82,1.04,4.86,1.95,0.90,2.08,11.49,20.96,3.44,0.00
509,2.47,0.00,3.19,0.25,0.03,0.00,0.00,54.24,1.94,11.70,0.88,0.68,0.46,5.58,16.65,1.92,0.00
510,12.48,0.00,3.81,0.53,0.11,0.04,0.01,25.71,4.21,13.42,1.47,0.54,0.15,1.82,30.75,4.96,0.00
511,3.52,0.00,2.95,0.30,0.03,0.01,0.02,48.91,3.69,6.10,1.70,0.66,0.25,3.07,26.73,2.05,0.00
512,3.07,0.00,4.11,0.73,0.21,0.10,0.09,38.49,4.26,7.97,1.86,1.93,1.53,4.74,28.91,2.02,0.00
513,0.54,0.00,2.66,0.71,0.06,0.01,0.16,25.07,4.92,7.43,1.67,1.91,5.58,2.72,45.33,1.22,0.00
514,8.27,0.00,3.75,1.65,1.00,0.32,10.26,29.77,3.12,11.73,10.73,1.03,2.28,0.28,13.19,2.60,0.00
515,14.86,0.00,0.88,0.10,0.04,0.01,0.02,14.39,17.63,20.24,6.58,0.42,0.07,0.04,22.68,2.04,0.01
516,2.52,0.00,2.08,0.35,0.07,0.01,0.22,16.96,3.55,7.92,4.68,0.59,5.62,1.38,45.14,8.89,0.00
517,4.09,0.00,1.91,0.37,0.14,0.05,0.15,16.08,12.04,12.14,8.25,0.44,1.46,0.09,39.71,3.07,0.00
518,11.00,0.00,3.13,0.48,0.07,0.01,0.02,48.08,5.70,1.00,3.99,1.84,5.74,2.67,10.59,5.67,0.00
519,13.47,0.00,2.79,0.44,0.10,0.03,0.03,34.61,8.29,2.78,2.11,0.52,7.88,1.16,18.61,7.17,0.00
520,9.00,0.00,2.46,0.54,0.14,0.05,0.31,24.14,8.65,14.37,7.64,0.48,2.03,0.24,26.61,3.34,0.00
521,1.89,0.00,2.88,1.30,0.56,0.17,0.06,35.80,15.93,17.12,6.40,0.17,0.99,0.08,15.99,0.66,0.00
522,3.65,0.00,2.63,0.79,0.20,0.06,0.32,42.51,9.19,14.72,2.05,1.03,3.33,1.56,16.26,1.70,0.00
523,2.92,0.00,2.52,0.33,0.07,0.04,0.19,36.29,11.12,12.70,2.68,1.82,0.43,0.42,27.03,1.44,0.00
524,4.19,0.00,2.66,0.78,0.44,0.18,1.05,42.92,8.71,18.73,1.37,2.22,0.12,0.04,16.26,0.32,0.00
525,2.35,0.00,2.59,0.44,0.07,0.01,0.28,41.81,17.42,4.40,2.50,5.00,0.09,0.09,21.04,1.91,0.00
526,1.03,0.00,1.41,0.31,0.05,0.01,0.02,8.86,9.79,1.34,0.62,1.57,0.11,0.05,57.66,17.17,0.00
527,0.27,0.00,3.87,1.70,0.54,0.20,0.42,17.70,8.62,5.76,0.74,3.12,14.88,8.69,29.39,4.11,0.00
528,5.80,0.00,9.63,6.68,4.07,2.07,0.06,29.43,1.41,1.06,0.52,2.42,21.29,10.64,1.70,3.22,0.00
529,1.18,0.00,4.48,1.58,0.38,0.16,0.01,31.82,1.52,1.36,0.65,1.15,8.30,41.03,4.74,1.64,0.00
530,4.67,0.00,4.99,1.73,0.35,0.15,0.03,27.83,7.69,4.72,2.42,6.38,2.66,20.16,9.25,6.96,0.00
531,2.64,0.00,4.19,1.25,0.16,0.05,0.03,25.95,4.08,2.22,0.08,0.40,6.17,38.23,9.33,5.22,0.00
532,0.73,0.00,3.60,0.53,0.09,0.01,0.00,39.69,1.39,3.66,0.57,0.42,5.91,16.32,26.60,0.48,0.00
533,1.71,0.00,4.29,1.83,0.35,0.10,0.10,16.23,1.15,1.62,0.50,0.60,14.85,36.89,16.40,3.39,0.00
534,1.36,0.00,4.59,2.87,0.42,0.13,0.51,11.81,0.24,3.66,0.80,0.39,36.88,15.37,20.14,0.84,0.00
535,3.82,0.00,7.99,5.11,2.69,1.01,0.02,17.57,1.88,0.08,0.59,3.86,14.17,28.11,1.46,11.65,0.00
536,6.56,0.00,5.86,4.24,1.91,0.68,0.14,9.58,0.26,0.04,2.39,2.03,17.19,44.50,0.33,4.31,0.00
537,12.96,0.00,4.50,0.73,0.19,0.06,0.03,19.39,1.05,0.03,0.72,4.56,14.36,35.52,0.76,5.16,0.00
538,3.00,0.00,3.71,1.56,0.39,0.11,0.01,14.63,0.59,0.08,0.62,3.06,27.48,35.68,2.90,6.18,0.00
539,2.24,0.00,4.15,0.55,0.15,0.04,0.02,17.88,3.37,0.04,2.53,3.26,19.56,33.27,3.16,9.77,0.00
540,11.21,0.00,5.68,3.40,0.96,0.32,1.47,30.71,3.81,2.20,1.49,8.60,3.82,15.34,9.62,1.36,0.00
541,4.72,0.00,4.66,2.01,0.29,0.04,0.11,37.56,9.81,2.19,4.45,11.41,0.69,4.24,15.84,1.98,0.00
542,0.10,0.00,3.74,1.69,0.21,0.04,0.02,11.50,0.08,0.01,0.55,0.63,31.39,49.65,0.17,0.21,0.00
543,2.88,0.00,3.78,1.52,0.30,0.09,0.04,35.55,0.89,0.21,0.74,4.28,17.17,29.34,2.26,0.97,0.00
544,0.12,0.00,4.41,2.61,0.54,0.17,0.06,6.13,0.07,0.00,0.00,12.32,14.48,58.61,0.38,0.10,0.00
545,0.43,0.00,5.11,4.81,1.12,0.45,0.08,7.76,0.11,0.09,0.59,1.40,17.03,58.64,1.26,1.12,0.00
546,3.49,0.00,8.69,10.94,4.23,1.52,0.49,13.33,0.31,1.09,0.70,1.53,11.36,32.43,7.37,2.53,0.00
547,3.51,0.00,3.86,3.71,0.97,0.31,0.09,7.19,0.25,0.22,0.39,0.37,16.21,50.44,3.98,8.49,0.00
548,9.55,0.00,4.67,6.30,2.51,0.92,0.18,5.17,0.06,0.82,0.47,0.55,25.03,34.36,6.19,3.23,0.00
549,0.59,0.00,3.99,3.77,0.95,0.29,0.07,4.46,0.00,0.01,0.00,0.46,3.08,81.91,0.41,0.01,0.00
550,1.62,0.00,7.66,29.68,28.53,16.89,0.68,2.57,0.08,0.22,1.01,1.73,1.08,3.90,3.98,0.37,0.00
551,0.68,0.00,2.38,2.41,0.52,0.15,0.04,3.81,0.15,0.07,0.83,1.86,1.62,78.03,6.50,0.95,0.00
552,1.22,0.00,3.73,3.36,0.58,0.20,0.07,10.71,0.20,0.03,0.05,1.77,2.00,74.97,1.05,0.07,0.00
553,0.70,0.00,9.02,13.21,10.38,4.10,0.30,7.17,0.03,0.70,0.44,3.86,5.56,38.86,3.64,2.03,0.00
554,1.19,0.00,9.80,25.41,10.29,4.13,0.51,7.54,0.08,0.94,1.13,3.86,6.03,25.83,3.02,0.24,0.00
555,0.67,0.00,4.47,3.05,0.74,0.25,0.08,10.35,0.06,0.04,0.08,0.58,8.61,70.40,0.45,0.18,0.00
556,0.89,0.00,6.44,3.09,0.88,0.37,0.10,9.07,0.07,0.05,0.20,0.95,6.69,69.37,1.55,0.30,0.00
557,0.84,0.00,8.39,5.40,2.17,0.90,0.05,11.32,0.13,0.23,0.12,0.94,7.14,62.10,0.18,0.10,0.00
558,1.10,0.00,9.35,5.03,1.67,0.59,0.04,11.44,0.15,0.02,0.00,1.49,10.68,58.19,0.00,0.25,0.00
559,0.72,0.00,6.62,2.87,1.07,0.43,0.11,37.13,1.06,0.18,0.41,1.49,13.79,34.06,0.02,0.05,0.00
560,0.37,0.00,4.08,1.69,0.39,0.12,0.02,3.70,0.01,0.58,0.00,0.72,5.36,82.87,0.04,0.06,0.00
561,0.66,0.00,6.43,2.34,0.69,0.27,0.00,12.83,0.06,0.00,0.04,1.21,9.50,65.81,0.05,0.11,0.00
562,3.37,0.00,6.08,2.30,0.54,0.24,0.09,9.52,0.25,0.01,0.65,0.49,7.21,61.21,6.92,1.13,0.00
563,1.94,0.00,6.97,5.38,1.52,0.74,0.24,11.14,0.45,0.27,0.49,1.28,11.07,47.48,10.59,0.44,0.00
564,1.02,0.00,5.35,1.20,0.16,0.06,0.01,9.86,0.17,0.00,0.34,1.04,3.14,76.01,1.17,0.48,0.00
565,2.67,0.00,7.35,5.84,1.98,0.81,1.17,24.71,4.20,2.31,1.51,6.62,4.13,24.24,10.90,1.55,0.00
566,1.17,0.00,6.08,5.66,1.66,0.61,0.51,14.45,0.45,0.42,0.35,1.57,13.12,44.69,9.08,0.17,0.00
567,1.19,0.00,7.14,5.13,1.77,0.77,0.36,13.61,0.59,0.39,0.19,0.71,17.89,40.00,9.99,0.27,0.00
568,3.24,0.00,10.40,6.31,2.12,0.86,0.48,22.29,0.86,0.85,0.21,1.16,16.01,19.59,14.36,1.25,0.00
569,0.69,0.00,7.91,7.61,6.30,2.60,0.32,6.69,0.05,0.08,0.08,1.00,3.97,59.56,2.43,0.69,0.00
570,0.88,0.00,11.43,11.55,6.24,2.82,0.45,16.96,0.66,0.06,0.11,1.61,4.84,39.80,2.21,0.39,0.00
571,1.09,0.00,5.35,2.37,0.48,0.20,0.45,7.40,0.03,0.00,0.00,0.65,0.86,78.79,1.59,0.74,0.00
572,2.25,0.00,7.05,4.86,1.66,0.75,1.16,6.90,0.07,0.00,0.00,1.38,1.25,66.95,0.14,5.58,0.00
573,0.59,0.00,4.73,3.99,1.02,0.35,0.20,13.90,0.82,0.52,0.52,1.58,10.84,50.25,10.02,0.67,0.00
574,0.27,0.00,1.97,0.41,0.11,0.01,0.03,70.15,7.48,8.72,1.00,0.11,6.81,1.17,1.56,0.20,0.00
575,5.74,0.00,0.53,0.05,0.01,0.00,0.07,59.40,14.82,10.16,3.31,0.12,0.04,0.02,4.99,0.74,0.00
576,3.07,0.00,0.87,0.10,0.01,0.00,0.12,53.73,19.49,4.94,4.35,0.80,1.65,0.44,9.82,0.61,0.00
577,7.00,0.00,2.87,0.61,0.12,0.03,0.25,33.19,32.29,17.11,0.97,0.63,0.48,0.45,3.85,0.16,0.00
578,6.21,0.00,1.57,0.24,0.04,0.01,0.10,47.65,26.52,10.31,1.69,0.31,0.25,0.12,4.43,0.56,0.00
579,2.68,0.00,0.16,0.01,0.00,0.00,0.02,64.04,8.60,2.00,5.11,0.81,1.45,0.30,14.05,0.78,0.00
580,0.75,0.00,1.11,0.24,0.04,0.01,0.05,43.12,13.90,2.94,6.76,2.32,15.14,5.51,7.70,0.41,0.00
581,1.10,0.00,2.70,0.42,0.06,0.01,0.08,49.59,9.40,26.92,1.51,0.05,2.75,0.06,4.57,0.78,0.00
582,1.63,0.00,7.03,3.48,2.21,0.55,0.37,31.46,10.11,5.78,1.84,0.60,19.45,3.16,10.51,1.83,0.00
583,0.73,0.00,2.74,0.75,0.19,0.03,0.10,50.70,10.71,25.07,0.91,0.31,3.86,0.78,2.88,0.25,0.00
584,3.11,0.00,3.98,0.78,0.23,0.03,0.15,58.45,5.53,17.49,0.47,0.09,2.24,0.15,6.76,0.52,0.00
585,2.80,0.00,5.04,1.27,0.49,0.09,0.08,65.09,6.00,6.84,0.78,0.11,5.66,0.46,4.84,0.46,0.00
586,0.47,0.00,3.60,1.50,0.57,0.07,0.10,33.98,24.51,22.11,1.19,0.17,8.03,1.65,1.79,0.25,0.00
587,2.45,0.00,4.38,1.78,0.65,0.14,0.32,30.51,23.78,21.89,0.99,0.21,4.25,0.48,7.21,0.97,0.00
588,0.51,0.00,12.64,3.10,0.94,0.27,0.16,52.00,0.17,1.26,5.19,0.43,7.85,10.38,4.93,0.17,0.00
589,5.16,0.00,9.71,2.84,0.97,0.25,0.34,65.21,1.39,2.36,0.57,0.39,1.61,0.69,8.11,0.41,0.00
590,0.13,0.00,0.16,0.03,0.01,0.00,0.91,18.72,56.53,20.17,2.25,0.28,0.01,0.00,0.76,0.04,0.02
591,0.99,0.00,3.30,1.64,0.48,0.07,0.05,35.22,11.70,16.90,0.84,0.16,17.31,5.88,4.54,0.90,0.02
592,1.97,0.00,4.10,1.93,0.70,0.17,0.15,24.63,18.26,25.57,2.43,0.23,9.34,6.29,4.01,0.21,0.01
593,4.03,0.00,0.80,0.23,0.07,0.01,0.54,30.29,19.29,27.71,8.98,0.86,0.16,0.27,6.33,0.41,0.02
594,1.51,0.00,2.82,1.08,0.34,0.07,0.10,32.62,15.49,34.72,2.73,0.28,1.97,1.76,4.32,0.20,0.00
595,8.08,0.00,7.71,5.34,2.57,0.59,0.36,10.87,18.71,17.18,2.31,0.32,7.71,12.19,4.96,1.10,0.00
596,0.34,0.00,1.26,0.58,0.16,0.02,0.11,44.25,18.35,29.42,3.06,0.39,0.13,0.20,1.57,0.13,0.00
597,2.86,0.00,2.88,1.10,0.27,0.04,0.18,27.43,21.49,33.66,1.21,0.23,2.79,0.55,4.72,0.59,0.00
598,10.76,0.00,4.17,1.46,0.43,0.11,0.22,17.92,14.21,35.32,3.19,0.41,2.48,0.90,7.47,0.93,0.00
599,1.92,0.00,2.79,1.10,0.31,0.06,0.18,33.02,18.63,27.88,3.19,0.86,2.36,0.82,6.23,0.64,0.00
600,1.39,0.00,0.09,0.05,0.01,0.00,0.71,3.14,35.38,16.60,21.51,1.43,0.00,0.00,18.09,1.58,0.01
601,17.27,0.00,0.40,0.16,0.05,0.01,1.53,5.93,23.19,21.69,16.55,0.68,0.00,0.00,11.08,1.46,0.00
602,1.80,0.00,0.14,0.04,0.01,0.00,0.68,24.15,17.67,35.13,12.78,0.53,0.02,0.09,6.54,0.40,0.02
603,0.51,0.00,0.02,0.01,0.00,0.00,0.51,20.27,29.33,27.14,13.55,0.31,0.01,0.02,7.76,0.52,0.05
604,1.55,0.00,4.68,1.80,0.65,0.10,0.20,40.49,8.74,4.73,3.97,0.17,22.31,4.12,5.30,1.19,0.00
605,0.64,0.00,1.61,0.19,0.03,0.01,0.02,76.88,6.77,10.86,0.11,0.28,1.17,0.21,1.15,0.06,0.00
606,1.87,0.00,0.86,0.15,0.03,0.01,0.01,47.90,24.75,21.44,0.63,0.09,0.05,0.07,1.97,0.17,0.00
607,3.19,0.00,14.11,13.57,8.66,2.13,0.49,26.01,6.09,2.44,1.63,1.02,7.79,4.16,8.01,0.70,0.00
608,5.55,0.00,5.94,2.18,0.79,0.16,0.20,44.28,10.81,12.00,1.13,0.19,5.34,0.42,10.26,0.75,0.00
609,3.35,0.00,9.89,6.08,4.14,1.40,0.29,49.69,3.90,2.88,1.32,0.39,5.82,0.57,9.38,0.89,0.00
610,3.09,0.00,13.28,18.78,29.24,14.71,0.38,9.06,2.14,0.31,0.23,0.59,0.67,0.05,4.97,2.49,0.00
611,4.25,0.00,8.93,9.84,10.44,4.19,0.83,20.19,7.67,3.92,0.56,2.12,5.05,2.14,17.57,2.28,0.00
612,2.40,0.00,8.98,7.45,3.65,1.25,0.86,13.23,13.26,17.05,2.04,0.97,7.57,1.14,14.59,5.57,0.00
613,3.21,0.00,19.01,14.99,15.91,9.49,0.84,21.83,1.56,1.62,0.48,0.94,1.72,0.45,5.42,2.55,0.00
614,2.87,0.00,8.29,8.06,6.42,1.78,0.63,23.20,15.60,11.98,1.84,0.56,5.02,0.86,11.13,1.75,0.00
615,4.06,0.00,10.01,6.25,3.09,1.28,0.44,26.67,7.02,4.92,2.66,0.24,15.36,7.09,9.61,1.30,0.00
616,1.32,0.66,0.00,0.00,0.00,0.00,70.55,0.00,1.86,0.00,16.70,8.72,0.00,0.00,0.00,0.18,0.00
617,1.01,0.00,0.32,0.14,0.02,0.00,10.68,0.01,37.91,0.00,47.49,2.17,0.00,0.00,0.00,0.25,0.00
618,3.16,0.00,0.73,0.32,0.07,0.00,0.50,0.07,69.33,0.06,24.93,0.61,0.00,0.00,0.00,0.21,0.00
619,0.38,0.00,1.19,0.22,0.06,0.01,0.10,0.86,81.51,1.80,11.76,1.18,0.63,0.05,0.00,0.25,0.00
620,0.99,0.00,2.35,0.49,0.13,0.05,0.11,3.05,77.44,2.90,9.62,2.87,0.00,0.00,0.00,0.01,0.00
621,7.42,0.00,1.04,0.93,0.22,0.06,0.19,0.06,46.05,0.00,39.62,3.93,0.01,0.00,0.01,0.46,0.00
622,1.45,0.00,0.95,0.19,0.01,0.00,0.08,0.22,77.00,0.68,18.27,1.12,0.00,0.00,0.00,0.02,0.00
623,0.28,0.00,2.10,0.50,0.10,0.03,0.01,2.65,58.45,5.37,25.52,4.97,0.01,0.02,0.00,0.01,0.00
624,0.35,0.00,0.38,0.22,0.08,0.02,0.76,0.36,33.76,0.15,57.36,6.28,0.04,0.01,0.11,0.11,0.00
625,0.00,0.00,0.28,0.06,0.01,0.00,0.73,0.02,1.71,0.04,88.99,8.11,0.00,0.00,0.04,0.00,0.00
626,1.15,0.00,0.06,0.01,0.00,0.00,22.83,0.04,36.97,0.02,33.43,5.01,0.00,0.00,0.01,0.47,0.00
627,0.40,0.00,0.11,0.01,0.00,0.00,3.47,0.01,69.96,0.00,24.85,1.00,0.00,0.00,0.00,0.20,0.00
628,0.80,0.00,0.47,0.03,0.00,0.00,0.66,0.43,68.95,0.41,26.52,1.59,0.00,0.00,0.01,0.12,0.00
629,0.36,0.00,0.69,0.09,0.01,0.00,0.14,2.94,57.74,0.93,34.44,2.66,0.00,0.00,0.00,0.03,0.00
630,0.09,0.00,1.42,0.58,0.22,0.05,0.24,1.91,15.38,0.76,50.28,27.73,0.50,0.33,0.09,0.41,0.00
631,0.88,0.00,3.84,0.93,0.28,0.07,0.10,38.71,7.31,12.79,1.77,0.73,19.33,10.00,2.55,0.70,0.00
632,1.78,0.00,4.54,0.82,0.22,0.06,0.10,46.98,6.22,14.19,0.68,0.34,15.94,3.67,3.80,0.67,0.00
633,1.98,0.00,3.30,0.51,0.11,0.02,0.30,64.19,7.42,11.25,0.37,0.60,5.94,1.12,2.77,0.13,0.00
634,3.40,0.00,4.27,1.02,0.29,0.09,0.07,26.43,2.67,6.54,6.67,0.69,24.90,18.70,3.41,0.84,0.00
635,0.22,0.00,2.59,0.46,0.13,0.03,0.11,51.15,6.53,7.19,3.33,0.42,21.56,5.73,0.46,0.09,0.00
636,0.34,0.00,4.12,0.78,0.12,0.03,0.07,35.46,5.54,5.19,2.56,0.32,22.99,17.66,3.99,0.81,0.00
637,4.55,0.00,5.08,2.84,0.35,0.12,0.01,38.72,0.74,0.03,1.91,3.04,10.79,24.83,6.84,0.16,0.00
638,1.23,0.00,8.33,4.75,1.27,0.46,0.06,35.27,1.60,0.69,0.85,1.59,16.58,24.33,2.75,0.24,0.00
639,1.14,0.00,18.76,11.42,2.55,0.69,0.02,50.09,1.02,0.09,0.15,4.40,3.54,3.91,2.17,0.03,0.00
640,3.59,0.00,20.97,18.09,7.20,3.36,0.13,21.58,0.65,0.05,0.12,2.56,9.65,9.34,2.60,0.12,0.00
641,2.40,0.00,9.05,1.11,0.29,0.08,0.27,68.30,5.76,1.85,0.38,0.25,0.47,0.22,9.25,0.32,0.00
642,3.38,0.00,6.62,0.99,0.21,0.05,0.12,61.50,5.94,13.13,0.67,0.17,1.46,0.31,5.15,0.30,0.00
643,0.42,0.00,1.79,0.23,0.06,0.01,0.36,61.78,2.98,20.11,3.88,0.65,3.90,1.35,2.04,0.45,0.00
644,0.64,0.00,2.06,0.44,0.16,0.04,0.27,62.12,4.99,17.28,4.22,0.83,4.25,1.09,1.38,0.22,0.00
645,12.89,0.00,6.61,5.99,5.30,4.58,0.73,3.17,0.73,1.24,1.23,0.51,2.93,12.98,16.21,24.91,0.00
646,6.06,0.00,7.38,3.81,1.41,0.60,0.29,2.69,7.54,1.59,3.05,0.77,4.25,25.11,26.80,8.64,0.00
647,3.66,0.00,1.43,0.19,0.01,0.00,0.11,0.04,3.76,0.07,0.89,0.40,0.35,14.82,69.59,4.67,0.00
648,5.59,0.00,6.16,4.86,2.18,0.81,4.06,2.70,3.01,1.54,1.68,0.16,3.84,14.65,17.98,30.78,0.00
649,0.55,0.00,5.81,1.30,0.45,0.13,0.04,6.01,23.73,3.54,8.49,1.88,4.16,23.51,19.66,0.74,0.00
650,0.96,0.00,6.72,2.71,1.05,0.45,0.09,7.88,3.42,2.27,2.19,0.18,12.41,39.05,19.59,1.02,0.00
651,6.75,0.00,7.51,6.99,2.28,0.35,6.49,0.09,6.81,0.25,3.80,1.24,0.07,1.94,11.52,43.90,0.00
652,1.32,0.00,4.47,1.91,0.45,0.13,0.16,0.55,25.84,1.46,10.72,3.15,3.14,12.88,32.02,1.83,0.00
653,4.34,0.00,2.20,0.66,0.22,0.08,0.15,0.72,9.87,0.77,4.89,1.80,1.05,6.81,63.12,3.31,0.00
654,1.18,0.00,15.50,8.80,3.42,1.09,0.23,19.23,1.47,0.97,3.83,0.61,19.17,19.58,4.69,0.22,0.00
655,1.87,0.00,14.40,5.87,2.23,0.54,0.64,46.95,1.77,1.01,3.86,0.39,7.97,8.30,3.99,0.20,0.00
656,1.07,0.00,14.09,5.28,2.12,0.73,0.15,31.85,2.38,2.51,1.83,0.15,23.86,12.74,1.16,0.11,0.00
657,1.55,0.00,13.50,10.69,5.09,2.37,0.89,6.61,0.26,0.41,2.01,0.24,22.76,32.62,0.90,0.12,0.00
658,4.76,0.00,30.40,20.88,18.05,7.98,0.16,9.14,0.16,0.20,0.23,0.07,0.09,0.37,7.08,0.44,0.00
659,2.04,0.00,19.34,10.94,5.34,2.08,0.11,6.96,0.05,0.15,0.44,0.34,0.74,1.05,47.26,3.15,0.00
660,7.64,0.00,5.70,12.03,25.27,26.89,1.16,0.86,0.02,0.00,0.62,1.83,0.20,0.08,10.33,7.39,0.00
661,2.29,0.00,4.69,1.76,0.54,0.17,0.05,9.72,6.87,4.08,8.92,0.49,33.32,14.60,10.69,1.83,0.00
662,1.13,0.00,4.31,1.32,0.39,0.12,0.08,15.97,18.59,8.89,9.72,0.29,13.00,8.35,16.81,1.04,0.00
663,0.84,0.00,5.90,3.17,0.95,0.38,0.72,14.05,27.50,5.01,5.84,12.48,5.14,7.36,10.25,0.42,0.00
664,0.72,0.00,3.88,0.72,0.18,0.06,0.07,19.91,25.49,13.66,12.38,0.56,9.99,3.29,8.76,0.35,0.00
665,2.49,0.00,4.31,0.94,0.20,0.07,0.02,35.10,9.01,4.80,9.94,0.79,11.24,13.98,6.55,0.56,0.00
666,0.56,0.00,4.78,1.00,0.20,0.07,0.25,2.98,36.67,8.81,14.00,2.67,9.05,5.02,13.58,0.37,0.00
667,0.64,0.00,4.71,1.39,0.29,0.12,0.14,6.91,22.62,3.69,8.49,4.61,8.91,25.38,11.42,0.69,0.00
668,0.52,0.00,4.71,1.71,0.37,0.19,0.09,4.46,22.74,5.04,2.77,5.23,6.50,27.34,16.53,1.81,0.00
669,0.86,0.00,4.43,1.21,0.35,0.12,0.07,31.04,17.73,14.99,12.56,0.13,7.13,3.32,5.97,0.10,0.00
670,4.53,0.00,3.46,0.88,0.20,0.07,0.11,43.69,10.22,6.11,16.84,0.14,8.31,3.54,1.70,0.19,0.00
671,0.39,0.00,4.00,1.18,0.25,0.10,0.46,20.33,24.16,6.98,1.98,9.25,7.38,14.29,8.73,0.53,0.00
672,0.48,0.00,4.99,1.94,0.45,0.16,0.08,3.25,21.37,2.40,7.02,5.07,6.18,24.25,21.11,1.24,0.00
673,1.51,0.00,6.59,2.25,0.71,0.27,0.13,14.40,15.28,5.12,7.30,2.57,4.96,23.90,13.91,1.08,0.00
674,4.84,0.00,14.46,10.52,5.46,2.34,0.32,33.64,3.34,3.87,1.68,0.34,3.21,8.16,6.92,0.90,0.00
675,0.61,0.00,6.08,1.52,0.33,0.11,0.14,2.61,27.86,7.23,13.47,4.69,10.60,8.97,13.25,2.53,0.00
676,7.30,0.00,2.70,0.81,0.34,0.15,0.44,6.17,11.42,3.38,4.13,1.69,4.54,8.10,46.64,2.19,0.00
677,0.25,0.00,2.42,0.24,0.06,0.03,0.03,19.79,35.77,19.98,11.73,0.04,3.00,0.92,5.67,0.08,0.00
678,0.58,0.00,2.83,0.72,0.16,0.05,0.00,8.09,31.90,11.57,11.57,0.30,13.50,2.49,16.02,0.21,0.00
679,0.19,0.00,4.42,0.57,0.07,0.01,0.01,79.92,3.83,2.25,0.18,0.01,6.93,1.40,0.18,0.02,0.00
680,0.65,0.00,4.79,0.83,0.08,0.01,0.03,81.09,4.18,4.78,0.25,0.02,2.59,0.60,0.12,0.00,0.00
681,0.27,0.00,6.01,0.56,0.15,0.06,0.08,51.57,6.10,1.74,0.84,0.66,31.68,0.17,0.12,0.01,0.00
682,0.52,0.00,4.58,0.40,0.08,0.02,0.09,80.25,4.68,2.87,0.76,0.74,4.89,0.06,0.06,0.00,0.00
683,0.89,0.00,2.20,0.25,0.03,0.00,0.09,81.83,5.13,4.16,0.90,0.42,4.00,0.02,0.07,0.00,0.00
684,0.05,0.00,10.46,2.81,0.61,0.23,0.12,36.65,7.90,3.61,0.75,1.20,34.36,0.74,0.51,0.00,0.00
685,1.19,0.00,4.02,0.50,0.09,0.03,0.12,74.31,10.51,5.19,0.79,0.75,2.33,0.04,0.14,0.00,0.00
686,0.00,0.00,2.01,0.20,0.03,0.00,0.11,77.48,13.17,4.33,2.10,0.12,0.44,0.00,0.01,0.00,0.00
687,1.59,0.00,16.08,3.72,1.04,0.36,0.23,42.41,8.11,3.80,1.10,2.10,18.17,1.04,0.26,0.00,0.00
688,0.02,0.00,3.03,0.19,0.07,0.01,0.22,84.24,0.80,0.32,1.51,0.98,8.49,0.05,0.06,0.00,0.00
689,0.06,0.00,4.40,0.61,0.15,0.05,0.19,72.81,6.12,3.10,1.70,1.91,8.59,0.16,0.17,0.00,0.00
690,0.11,0.00,2.08,0.23,0.02,0.00,0.01,77.07,7.59,6.67,0.37,1.14,4.63,0.08,0.00,0.00,0.00
691,0.96,0.00,8.81,5.98,2.02,0.86,0.15,22.14,3.31,1.18,0.10,0.01,35.49,18.62,0.27,0.11,0.00
692,1.60,0.00,7.12,2.94,0.75,0.25,0.11,43.49,4.55,3.27,0.05,0.02,24.37,10.99,0.35,0.15,0.00
693,0.53,0.00,3.11,0.48,0.12,0.03,0.11,81.93,4.34,4.42,0.12,0.02,4.09,0.61,0.08,0.01,0.00
694,0.81,0.00,3.91,0.72,0.19,0.05,0.21,74.66,4.71,4.94,0.07,0.01,8.19,1.42,0.07,0.04,0.00
695,2.26,0.00,8.25,7.33,6.60,2.39,4.86,60.03,2.19,2.38,1.37,0.37,0.76,0.71,0.44,0.06,0.00
696,2.67,0.00,9.32,4.86,1.48,0.60,0.31,30.85,7.08,5.29,2.12,5.05,27.58,2.10,0.68,0.01,0.00
697,3.28,0.00,7.38,2.99,0.86,0.43,0.41,31.40,10.76,6.44,3.31,3.29,24.66,3.34,1.44,0.01,0.00
698,0.43,0.00,3.42,1.16,0.30,0.06,0.15,70.87,9.12,5.05,1.79,2.53,4.64,0.24,0.24,0.00,0.00
699,1.42,0.00,3.90,1.35,0.35,0.12,0.19,65.93,7.01,4.66,2.05,2.12,10.21,0.34,0.33,0.00,0.00
700,1.40,0.00,8.95,2.36,0.72,0.22,0.21,18.09,0.22,11.24,0.56,0.17,11.61,25.36,16.29,2.59,0.00
701,1.16,0.00,8.80,3.22,1.20,0.52,0.03,27.88,0.47,10.89,0.38,0.14,16.22,15.40,12.61,1.05,0.00
702,2.48,0.00,12.58,3.62,1.36,0.50,0.18,37.05,4.08,12.65,0.45,0.10,5.93,9.61,9.10,0.31,0.00
703,1.71,0.00,3.43,0.39,0.09,0.02,0.02,61.86,3.65,17.46,1.11,0.89,1.92,0.59,6.74,0.13,0.00
704,0.43,0.00,4.59,2.13,0.54,0.14,0.73,49.88,5.85,11.79,1.77,9.13,12.32,0.52,0.17,0.00,0.00
705,12.93,0.00,5.82,2.70,0.70,0.28,0.15,22.17,5.10,5.88,4.25,2.43,26.90,7.26,3.38,0.05,0.00
706,1.00,0.00,2.85,0.73,0.13,0.02,0.14,74.39,2.19,8.25,1.36,2.39,5.22,1.19,0.14,0.00,0.00
707,0.48,0.00,5.30,2.17,0.49,0.17,0.07,25.73,6.57,9.49,5.07,1.96,35.51,6.45,0.51,0.02,0.00
708,2.61,0.00,3.73,0.59,0.11,0.03,0.22,31.91,20.76,12.21,7.44,4.15,13.46,1.34,1.42,0.01,0.00
709,1.30,0.00,5.02,1.40,0.32,0.08,0.77,31.04,28.18,11.21,7.09,6.15,5.34,0.46,1.64,0.01,0.00
710,0.77,0.00,3.96,0.91,0.31,0.07,0.97,79.45,4.41,3.91,0.00,0.30,3.92,0.73,0.16,0.14,0.00
711,0.89,0.00,6.63,1.30,0.34,0.07,1.51,61.94,5.73,2.17,0.12,0.30,15.47,3.44,0.05,0.04,0.00
712,0.80,0.00,5.76,2.39,0.75,0.19,0.24,59.55,3.37,1.07,0.00,1.79,22.92,0.78,0.12,0.25,0.00
713,0.34,0.00,3.78,1.60,0.61,0.10,1.29,79.83,0.96,1.88,0.12,6.93,2.40,0.14,0.02,0.00,0.00
714,0.25,0.00,4.37,1.50,0.53,0.09,1.12,78.20,0.53,6.16,0.08,6.51,0.65,0.00,0.02,0.00,0.00
715,0.03,0.00,1.16,0.19,0.05,0.00,0.04,5.17,7.78,0.36,26.55,57.56,0.84,0.15,0.11,0.00,0.00
716,1.21,0.00,4.58,0.37,0.07,0.01,3.65,0.00,0.01,1.01,11.88,75.09,0.24,1.29,0.05,0.53,0.00
717,0.04,0.00,9.25,2.21,1.42,0.05,3.34,0.00,0.00,0.07,0.50,35.37,2.07,45.50,0.02,0.15,0.00
718,0.01,0.00,7.02,0.75,0.06,0.00,20.47,0.00,0.00,0.14,19.17,52.18,0.13,0.06,0.01,0.00,0.00
719,0.04,0.00,3.48,0.21,0.04,0.01,12.14,0.00,0.01,1.05,38.62,44.39,0.00,0.03,0.01,0.00,0.00
720,1.61,0.00,1.49,0.49,0.09,0.01,0.10,4.25,5.21,0.09,28.76,57.73,0.02,0.00,0.01,0.13,0.00
721,0.10,0.00,8.59,3.30,2.16,0.28,1.17,0.00,0.43,0.49,3.36,13.90,2.17,60.11,3.30,0.64,0.00
722,0.09,0.00,2.22,0.19,0.03,0.00,0.05,0.01,32.32,16.87,38.83,8.85,0.00,0.07,0.38,0.08,0.00
723,0.16,0.00,3.94,0.51,0.08,0.00,0.14,0.02,48.12,13.35,27.61,5.42,0.12,0.24,0.19,0.11,0.00
724,1.14,0.00,4.03,0.22,0.05,0.00,0.92,0.01,5.02,16.35,45.06,24.42,0.73,0.91,0.42,0.71,0.00
725,0.43,0.00,4.35,1.53,0.94,0.07,0.13,0.00,13.05,18.92,25.38,32.23,0.59,1.36,0.49,0.52,0.00
726,0.09,0.00,6.39,0.75,0.26,0.01,4.61,0.00,0.00,1.67,13.14,64.72,2.44,5.09,0.48,0.34,0.00
727,0.02,0.00,3.53,0.01,0.00,0.00,4.83,0.00,0.04,5.71,34.39,47.88,2.78,0.66,0.06,0.08,0.00
728,0.00,0.00,4.03,0.08,0.01,0.00,5.05,0.00,0.07,0.43,38.43,36.08,3.40,11.85,0.45,0.12,0.00
729,0.49,0.00,5.06,0.01,0.00,0.00,12.57,0.00,0.00,0.01,7.96,68.06,3.46,2.22,0.01,0.14,0.00
730,0.00,0.00,1.67,0.00,0.00,0.00,8.25,0.00,0.06,0.43,51.67,37.72,0.16,0.01,0.00,0.02,0.00
731,0.66,0.00,4.62,0.32,0.04,0.00,0.26,0.00,11.72,7.32,39.62,30.10,1.08,3.61,0.33,0.30,0.00
732,0.40,0.00,11.52,6.65,3.68,0.19,3.34,0.00,1.73,1.49,16.77,17.49,7.16,25.50,1.79,2.28,0.00
733,4.46,0.00,9.42,4.33,2.87,0.94,2.29,3.16,0.25,0.47,2.31,28.82,23.21,9.20,8.24,0.02,0.00
734,2.88,0.00,3.51,1.32,0.57,0.13,0.13,10.23,18.43,0.50,11.94,49.69,0.41,0.17,0.08,0.01,0.00
735,1.01,0.00,1.12,0.17,0.03,0.01,0.01,4.37,21.05,0.02,16.42,55.30,0.03,0.38,0.07,0.01,0.00
736,2.00,0.00,3.48,0.66,0.24,0.04,0.38,2.25,0.65,0.10,3.75,80.80,1.82,3.40,0.41,0.02,0.00
737,0.69,0.00,4.49,1.44,0.77,0.18,0.27,2.03,0.40,1.30,21.92,61.84,2.57,0.68,1.41,0.00,0.00
738,1.96,0.00,2.24,0.30,0.06,0.01,0.17,2.33,4.14,7.42,46.42,34.14,0.35,0.11,0.15,0.19,0.00
739,0.78,0.00,1.84,0.22,0.04,0.00,0.40,1.68,15.23,8.41,62.00,8.27,0.23,0.67,0.12,0.11,0.00
740,0.17,0.00,2.05,0.24,0.17,0.02,0.60,0.27,0.10,0.35,10.57,79.08,0.93,5.31,0.14,0.00,0.00
741,24.62,0.00,8.83,3.13,0.30,0.04,0.09,0.20,1.77,3.11,32.66,17.13,0.69,5.60,0.97,0.85,0.00
742,0.15,0.00,3.42,0.16,0.02,0.00,0.14,2.62,18.03,16.23,46.23,12.08,0.02,0.87,0.03,0.01,0.00
743,0.40,0.00,5.27,1.08,0.21,0.02,0.08,2.86,25.17,12.12,33.63,16.53,0.21,2.19,0.13,0.11,0.00
744,1.29,0.00,11.47,9.47,7.88,1.08,0.31,0.51,2.04,3.20,7.69,26.45,3.35,24.07,0.71,0.48,0.00
745,0.85,0.00,2.90,0.17,0.03,0.00,0.03,3.80,26.86,14.76,31.65,18.01,0.00,0.90,0.02,0.01,0.00
746,0.88,0.00,4.91,2.47,1.01,0.07,0.36,0.46,2.29,1.73,9.83,72.42,0.77,0.04,0.50,2.26,0.00
747,0.90,0.00,9.51,5.98,4.80,0.75,0.10,3.62,14.99,7.27,16.30,33.24,0.53,0.02,0.65,1.34,0.00
748,29.75,0.00,4.42,7.10,7.83,2.21,0.42,0.01,0.10,0.22,0.30,9.71,0.42,11.19,0.23,26.08,0.00
749,0.40,0.00,9.93,10.80,14.61,3.28,0.39,0.03,0.02,0.24,0.20,40.14,9.81,8.23,0.06,1.85,0.00
750,1.40,0.00,7.38,3.89,3.37,0.54,0.03,0.03,2.31,31.25,15.34,33.82,0.03,0.21,0.15,0.23,0.00
751,0.90,0.00,13.38,14.75,35.95,26.88,0.40,0.01,1.37,2.43,1.83,1.99,0.01,0.00,0.10,0.01,0.00
752,0.89,0.00,9.83,21.67,48.41,16.17,0.03,0.01,0.07,0.14,0.15,1.70,0.04,0.06,0.15,0.68,0.00
753,1.21,0.00,13.79,10.35,14.23,2.08,0.32,0.00,0.03,3.84,1.45,48.19,1.13,2.95,0.10,0.35,0.00
754,0.28,0.00,16.62,8.45,6.72,1.13,0.07,0.00,0.04,0.51,1.30,19.97,5.21,37.89,1.13,0.67,0.00
755,0.94,0.00,20.48,10.84,9.25,1.96,0.51,0.00,7.33,5.35,6.82,13.50,0.81,20.08,0.73,1.41,0.00
756,1.34,0.00,16.10,6.96,3.17,0.14,0.00,0.00,13.68,27.13,10.38,19.62,0.07,0.60,0.44,0.35,0.00
757,0.21,0.00,3.45,0.15,0.04,0.00,1.58,0.01,18.14,2.77,38.28,34.09,0.08,0.44,0.42,0.35,0.00
758,0.09,0.00,1.71,0.05,0.01,0.00,0.36,0.00,0.34,13.99,49.99,32.60,0.43,0.16,0.10,0.15,0.00
759,1.04,0.00,6.19,1.24,0.39,0.13,0.05,74.34,1.09,0.06,0.05,0.88,11.81,2.71,0.02,0.01,0.00
760,1.11,0.00,7.24,3.06,1.24,0.42,0.29,67.26,0.91,0.17,0.14,1.89,12.76,3.44,0.05,0.01,0.00
761,1.35,0.00,8.97,3.92,1.67,0.74,0.24,57.66,1.58,1.62,0.09,1.56,13.31,7.15,0.12,0.02,0.00
762,0.82,0.00,3.65,1.75,0.57,0.14,0.08,69.60,1.51,0.35,2.00,3.28,10.94,5.29,0.02,0.00,0.00
763,1.56,0.00,6.51,1.59,0.50,0.20,0.05,54.28,1.37,0.01,0.09,1.41,17.88,14.09,0.43,0.04,0.00
764,0.71,0.00,5.04,2.06,0.59,0.14,0.24,66.04,2.58,2.97,0.65,4.37,12.04,2.54,0.04,0.01,0.00
765,2.18,0.00,4.14,1.25,0.24,0.02,0.17,70.53,1.95,10.09,0.35,3.49,5.31,0.25,0.03,0.00,0.00
766,0.39,0.00,5.18,2.11,0.43,0.05,0.17,64.59,1.77,3.55,0.85,6.04,14.54,0.31,0.00,0.00,0.00
767,1.40,0.00,3.70,0.36,0.11,0.04,0.07,56.93,2.66,0.32,0.23,3.99,19.67,10.18,0.26,0.09,0.00
768,0.63,0.00,6.16,1.36,0.57,0.21,0.18,35.74,1.27,0.16,0.16,1.47,31.26,20.71,0.10,0.02,0.00
769,1.37,0.00,2.69,0.56,0.18,0.05,0.06,71.73,1.61,0.14,0.41,3.11,9.88,6.94,1.22,0.06,0.00
770,1.87,0.00,6.79,3.36,1.56,0.78,0.11,37.04,2.08,0.53,0.39,2.20,37.34,5.65,0.24,0.06,0.00
771,0.22,0.00,7.18,1.67,0.53,0.24,0.03,21.84,1.61,0.12,0.02,0.75,31.26,34.38,0.11,0.02,0.00
772,4.40,0.00,3.44,0.63,0.18,0.07,0.06,61.73,4.15,1.10,1.34,3.14,14.18,4.02,1.45,0.11,0.00
773,3.24,0.00,6.07,2.44,0.63,0.24,0.10,34.90,1.55,1.21,1.94,2.05,31.86,11.71,2.04,0.02,0.00
774,2.17,0.00,6.91,2.69,0.82,0.42,0.08,42.57,4.47,3.56,1.81,1.59,29.33,3.20,0.35,0.02,0.00
775,1.44,0.00,7.57,4.26,1.08,0.49,0.24,18.12,9.76,6.31,3.52,2.37,39.25,5.24,0.34,0.02,0.00
776,0.55,0.00,5.23,1.67,0.29,0.06,0.06,33.16,6.84,6.87,8.36,1.65,29.88,2.18,3.18,0.02,0.00
777,0.57,0.00,4.28,0.66,0.17,0.04,0.05,46.53,6.37,1.82,1.41,3.64,32.96,1.41,0.06,0.04,0.00
778,0.78,0.00,7.98,4.10,2.00,0.88,0.09,14.16,0.48,0.15,0.14,0.57,63.63,5.01,0.02,0.02,0.00
779,2.00,0.00,3.68,1.67,0.11,0.01,0.13,64.55,4.96,0.64,0.00,0.84,15.97,5.17,0.26,0.02,0.00
780,0.69,0.00,4.89,1.63,0.15,0.03,0.17,51.65,2.02,0.07,0.00,0.36,29.30,7.18,1.14,0.72,0.00
781,6.60,0.00,5.16,2.30,0.79,0.38,0.05,14.22,0.35,0.00,0.01,0.09,3.47,60.72,4.79,1.06,0.00
782,1.67,0.00,5.62,1.81,0.35,0.18,0.07,25.25,0.72,0.01,0.02,0.81,6.79,56.04,0.45,0.22,0.00
783,1.22,0.00,5.27,1.12,0.35,0.16,0.09,31.41,2.17,0.01,0.06,2.00,9.10,44.37,1.56,1.13,0.00
784,13.02,0.00,3.15,2.69,1.12,0.51,0.13,3.56,0.11,0.02,0.01,2.16,2.20,56.48,11.46,3.38,0.00
785,12.07,0.00,4.64,5.78,2.72,1.67,0.67,7.82,0.02,0.04,0.03,0.09,3.87,49.49,9.61,1.49,0.00
786,1.34,0.00,4.81,4.55,1.63,0.58,0.23,38.17,0.59,0.52,0.28,1.01,23.11,21.82,1.22,0.15,0.00
787,1.28,0.00,4.16,0.34,0.01,0.00,0.05,84.10,0.15,0.20,0.00,0.01,6.62,2.45,0.52,0.12,0.00
788,0.92,0.00,2.81,0.20,0.08,0.02,0.02,65.10,3.52,0.42,0.34,5.44,14.12,6.19,0.59,0.23,0.00
789,0.53,0.00,2.98,2.88,0.63,0.11,0.02,21.60,0.01,0.00,0.00,0.10,10.79,59.87,0.49,0.01,0.00
790,1.73,0.00,5.77,2.72,0.51,0.13,0.01,20.74,0.05,0.00,0.00,1.07,17.16,48.78,1.22,0.12,0.00
791,0.49,0.00,5.41,1.62,0.17,0.05,0.01,34.19,1.01,0.00,0.00,0.16,35.77,20.48,0.59,0.05,0.00
792,0.71,0.00,3.78,4.08,0.71,0.09,0.21,45.69,0.04,0.14,0.00,0.47,25.72,18.18,0.14,0.04,0.00
793,0.44,0.00,6.68,2.36,0.37,0.09,0.03,23.12,0.01,0.00,0.00,1.15,8.58,56.91,0.27,0.00,0.00
794,8.24,0.00,4.42,0.61,0.19,0.09,0.34,0.91,0.05,0.34,0.08,0.09,0.32,62.91,20.91,0.48,0.00
795,1.89,0.00,4.31,0.51,0.14,0.04,0.02,0.70,0.17,0.31,0.03,0.01,0.50,80.08,11.16,0.12,0.00
796,1.05,0.00,4.68,1.15,0.34,0.11,0.02,0.59,0.05,0.05,0.00,0.04,0.75,85.93,5.13,0.11,0.00
797,4.52,0.00,3.77,0.59,0.19,0.07,0.02,0.52,0.04,0.69,0.06,0.01,0.23,67.96,21.05,0.28,0.00
798,3.71,0.00,5.10,1.01,0.25,0.12,0.03,6.89,2.62,3.90,0.03,0.13,6.53,55.87,13.56,0.25,0.00
799,4.32,0.00,2.92,0.26,0.07,0.02,0.18,1.19,0.59,0.59,0.00,0.02,0.93,49.83,38.85,0.22,0.00
800,1.41,0.00,4.41,0.64,0.15,0.04,0.02,1.07,0.33,0.44,0.00,0.03,0.95,78.63,11.50,0.36,0.00
801,6.97,0.00,4.16,0.87,0.36,0.26,0.20,1.64,0.96,2.47,1.12,0.00,1.27,57.21,21.96,0.55,0.00
802,3.73,0.00,4.46,1.01,0.34,0.14,0.01,0.73,0.44,1.58,0.75,0.00,0.37,69.02,16.58,0.85,0.00
803,2.24,0.00,4.76,0.51,0.11,0.03,0.02,0.77,1.87,3.67,0.36,0.00,0.35,72.05,12.93,0.32,0.00
804,7.51,0.00,3.58,7.31,1.49,1.03,0.58,0.91,0.07,0.63,0.64,0.74,7.02,35.67,29.40,3.43,0.00
805,3.86,0.00,2.17,0.25,0.05,0.00,0.01,1.70,0.16,1.75,0.31,0.10,1.08,36.91,51.07,0.57,0.00
806,3.95,0.00,2.68,1.71,0.17,0.08,0.05,1.75,0.11,0.88,0.92,0.67,6.61,40.42,37.51,2.50,0.00
807,9.24,0.00,1.11,1.47,0.21,0.14,0.12,0.18,0.05,0.08,0.21,0.19,1.42,6.91,71.44,7.24,0.00
808,37.89,0.00,0.42,1.24,0.40,0.19,0.86,0.09,0.03,0.04,0.13,0.13,0.94,0.73,5.54,51.37,0.00
809,0.80,0.00,5.88,1.07,0.30,0.11,0.18,49.37,1.60,3.85,6.26,0.42,12.67,14.84,2.50,0.14,0.00
810,1.41,0.00,6.61,2.70,1.10,0.42,0.05,18.77,3.54,2.20,7.23,0.21,13.80,32.50,9.02,0.45,0.00
811,0.57,0.00,3.58,0.77,0.15,0.05,0.45,18.35,22.41,16.23,15.01,1.36,10.69,2.63,7.62,0.14,0.00
812,1.03,0.00,10.20,8.42,3.31,0.87,0.58,1.87,12.07,1.80,11.91,3.95,12.24,3.57,27.42,0.76,0.00
813,0.97,0.00,6.51,2.62,0.74,0.25,0.35,0.28,27.37,1.28,9.39,3.39,3.05,1.68,36.80,5.32,0.00
814,1.85,0.00,10.08,6.76,3.20,0.94,0.95,0.09,3.92,0.08,5.64,3.05,17.43,12.13,27.77,6.12,0.00
815,5.92,0.00,14.01,6.38,1.97,0.54,0.42,0.12,22.24,0.38,10.07,3.11,16.01,7.03,8.79,3.01,0.00
816,5.04,0.00,7.07,3.86,1.18,0.29,0.20,0.05,11.47,0.25,9.07,1.91,15.68,7.67,27.35,8.92,0.00
817,0.46,0.00,3.75,0.90,0.07,0.03,0.32,0.25,36.45,1.17,10.56,5.68,1.49,3.32,32.96,2.57,0.00
818,1.80,0.00,6.58,3.11,0.91,0.40,0.34,0.44,32.83,1.58,10.91,5.34,2.41,2.48,28.50,2.37,0.00
819,0.25,0.00,0.86,0.09,0.00,0.00,0.00,0.00,9.80,0.05,1.71,0.66,0.02,0.00,81.73,4.83,0.00
820,0.22,0.00,4.41,2.27,0.45,0.16,0.05,0.74,24.92,0.87,10.02,3.66,4.86,20.21,24.63,2.54,0.00
821,6.66,0.00,1.61,0.47,0.18,0.06,0.27,0.24,8.07,0.57,2.58,1.07,0.48,0.29,74.26,3.20,0.00
822,11.32,0.00,5.07,2.85,0.97,0.48,1.10,0.29,18.66,0.72,4.13,1.23,1.12,0.75,14.72,36.59,0.00
823,10.10,0.00,9.75,10.14,4.19,1.25,6.33,0.05,7.54,0.17,2.51,0.87,0.27,0.06,18.69,28.09,0.00
824,3.95,0.00,1.94,1.48,0.88,0.21,1.54,0.00,2.77,0.03,0.56,0.22,0.01,0.00,15.51,70.89,0.00
825,12.43,0.00,1.01,0.71,0.26,0.05,0.03,0.00,0.05,0.00,0.04,0.20,1.18,22.22,7.20,54.62,0.00
826,0.41,0.00,3.95,2.31,0.77,0.15,0.13,0.00,5.15,0.18,1.08,0.30,1.78,2.78,50.70,30.31,0.00
827,3.14,0.00,18.91,28.91,16.22,5.85,0.27,0.08,0.73,0.06,1.10,0.64,0.52,9.81,9.41,4.34,0.00
828,9.11,0.00,1.53,1.73,1.32,0.31,0.05,0.02,0.07,0.00,0.02,0.07,0.00,0.00,73.01,12.77,0.00
829,2.33,0.00,2.82,1.01,0.16,0.02,0.83,4.20,64.26,10.21,9.28,2.05,1.27,0.10,1.33,0.14,0.00
830,0.66,0.10,0.64,0.38,0.08,0.02,2.90,0.35,74.61,0.40,14.25,5.22,0.01,0.00,0.33,0.03,0.01
831,0.73,5.41,0.02,0.05,0.03,0.02,22.26,0.14,40.19,0.05,17.59,13.11,0.00,0.00,0.34,0.05,0.02
832,0.08,0.00,0.13,0.33,0.12,0.03,1.92,0.05,74.95,0.11,13.10,8.35,0.01,0.00,0.72,0.07,0.03
833,0.63,0.00,0.66,1.75,0.32,0.04,0.05,0.30,56.77,0.12,31.01,6.71,0.54,0.01,0.75,0.35,0.00
834,6.17,0.00,0.21,1.32,1.30,0.64,0.06,0.15,36.95,0.03,42.61,9.89,0.32,0.00,0.25,0.12,0.00
835,3.99,0.00,0.46,0.63,0.14,0.05,1.77,0.13,63.42,0.14,16.41,11.59,0.02,0.00,1.16,0.07,0.00
836,0.98,0.00,1.45,3.08,0.66,0.10,0.44,0.21,61.90,0.09,15.72,10.32,2.02,1.32,1.49,0.23,0.00
837,0.14,9.06,0.01,0.02,0.01,0.00,12.36,0.06,59.14,0.05,14.95,4.01,0.00,0.00,0.19,0.00,0.00
838,0.93,0.00,8.35,7.41,4.01,1.58,0.35,0.08,7.50,1.31,14.26,10.22,22.53,16.78,2.93,1.75,0.00
839,0.69,0.00,3.06,1.13,0.22,0.06,0.56,0.63,35.59,2.91,36.41,9.67,6.00,1.97,0.86,0.26,0.00
840,0.47,0.00,3.82,1.77,0.79,0.34,0.27,0.71,30.45,7.03,15.43,13.71,22.57,1.12,1.04,0.49,0.00
841,0.10,0.00,2.08,0.26,0.03,0.00,0.17,0.77,64.23,3.21,28.19,0.87,0.00,0.00,0.07,0.01,0.00
842,0.10,0.00,2.97,0.36,0.07,0.01,0.37,0.08,71.94,2.72,16.96,2.81,1.15,0.06,0.32,0.06,0.00
843,0.11,0.00,2.15,0.06,0.00,0.00,0.29,0.03,82.00,5.44,7.94,1.86,0.01,0.00,0.08,0.04,0.00
844,0.21,0.00,4.21,0.33,0.10,0.03,0.20,0.97,48.12,3.13,35.92,5.88,0.51,0.06,0.31,0.03,0.00
845,0.02,0.00,2.64,0.17,0.01,0.00,0.10,0.74,77.26,1.92,12.56,3.28,0.00,0.00,1.11,0.20,0.00
846,0.34,0.00,3.13,0.13,0.02,0.00,0.14,2.38,79.78,4.70,8.73,0.45,0.05,0.01,0.11,0.01,0.00
847,0.04,0.00,1.82,0.03,0.00,0.00,0.02,1.55,77.28,3.58,15.26,0.42,0.00,0.00,0.00,0.00,0.00
848,2.88,0.00,2.75,0.20,0.04,0.01,0.22,3.31,61.85,3.97,22.77,1.83,0.05,0.05,0.05,0.02,0.00
849,0.02,0.00,2.95,0.01,0.00,0.00,0.03,1.51,71.80,2.64,20.19,0.83,0.00,0.00,0.01,0.00,0.00
850,0.09,0.01,0.98,0.00,0.00,0.00,0.10,1.39,73.66,3.76,18.11,1.63,0.00,0.00,0.24,0.04,0.00
851,0.11,0.01,0.58,0.05,0.01,0.00,1.34,0.58,76.97,0.82,17.86,1.38,0.00,0.02,0.25,0.02,0.00
852,0.81,3.26,0.06,0.00,0.00,0.00,6.69,0.23,47.74,1.17,29.75,9.74,0.00,0.00,0.46,0.10,0.00
853,0.01,0.00,0.98,0.19,0.02,0.01,1.17,0.94,38.56,0.22,43.94,12.01,1.09,0.82,0.03,0.02,0.00
854,0.38,0.00,2.84,0.07,0.01,0.00,0.19,6.45,41.59,8.90,26.51,11.90,0.79,0.26,0.07,0.04,0.00
855,0.17,0.00,2.79,0.01,0.00,0.00,0.09,3.17,57.16,4.30,29.72,2.59,0.00,0.00,0.02,0.00,0.00
856,0.03,0.00,1.63,0.30,0.07,0.01,0.17,0.00,0.06,0.00,89.52,4.44,0.33,3.18,0.18,0.05,0.01
857,0.01,0.00,0.21,0.06,0.02,0.00,0.38,0.00,18.71,0.51,79.35,0.70,0.00,0.00,0.03,0.01,0.01
858,0.00,0.00,0.16,0.00,0.00,0.00,0.06,0.11,82.01,4.16,13.10,0.39,0.00,0.00,0.00,0.00,0.00
859,0.00,0.00,0.05,0.05,0.04,0.01,80.47,0.00,0.00,0.00,1.90,17.44,0.00,0.03,0.00,0.00,0.00
860,0.01,0.00,0.62,0.05,0.01,0.00,0.12,0.00,0.32,0.00,90.46,8.25,0.06,0.06,0.03,0.02,0.01
861,0.84,0.00,8.68,4.61,5.38,1.39,1.04,0.22,0.05,0.01,0.07,36.09,11.58,27.78,0.70,1.56,0.00
862,0.16,0.00,5.60,3.01,2.53,0.68,2.74,0.45,0.00,0.00,0.02,21.98,13.30,49.22,0.28,0.04,0.00
863,0.41,0.00,2.91,1.27,0.37,0.05,0.20,0.01,0.00,0.00,0.00,0.75,1.39,83.43,0.60,8.60,0.00
864,0.73,0.00,5.68,2.54,2.44,0.64,0.64,0.03,0.01,0.00,0.56,34.04,4.33,47.71,0.60,0.03,0.00
865,3.58,0.00,6.05,3.79,3.19,0.92,2.91,0.28,0.02,0.00,0.04,2.80,3.20,65.22,4.87,3.13,0.00
866,0.04,0.00,1.70,0.10,0.02,0.00,0.88,2.04,0.97,1.61,9.99,73.62,1.06,6.19,0.72,1.06,0.00
867,0.12,0.00,5.30,1.96,2.48,0.66,0.95,0.01,0.00,0.00,0.11,12.03,6.90,68.27,0.19,1.01,0.00
868,1.52,0.00,3.10,1.91,1.76,0.95,0.13,0.00,0.00,0.00,0.00,5.62,8.49,67.82,0.18,8.51,0.00
869,15.42,0.00,2.69,1.48,1.17,0.42,0.08,0.09,0.00,0.00,0.00,2.49,6.14,54.95,0.84,14.24,0.00
870,0.15,0.00,5.27,2.67,3.78,1.14,0.05,0.00,0.00,0.00,0.01,1.55,2.65,81.31,0.68,0.74,0.00
871,0.07,0.00,8.48,10.09,13.46,5.50,0.01,0.00,0.00,0.00,0.00,1.49,3.97,56.66,0.03,0.23,0.00
872,1.39,0.00,3.40,1.12,0.72,0.19,0.82,0.00,0.00,0.00,0.00,9.61,11.62,51.03,1.92,18.15,0.00
873,0.24,0.00,5.83,5.38,5.41,1.39,0.73,0.00,0.00,0.00,0.01,5.63,14.36,59.64,0.40,0.99,0.00
874,1.12,0.00,7.19,3.28,2.99,0.70,1.14,0.00,0.00,0.01,0.12,17.85,7.40,57.91,0.05,0.24,0.00
875,0.21,0.00,4.97,2.56,2.88,0.70,0.49,0.00,0.00,0.00,0.08,6.21,13.94,67.83,0.13,0.01,0.00
876,0.24,0.00,3.90,2.24,0.66,0.12,0.86,0.00,0.00,0.00,0.03,1.49,1.12,89.23,0.02,0.08,0.00
877,0.99,0.00,2.37,1.63,1.72,0.43,2.44,0.00,0.00,0.00,0.02,3.91,9.93,75.73,0.23,0.60,0.00
878,0.08,0.00,5.87,1.48,1.68,0.29,0.41,0.01,0.00,0.00,1.06,65.42,0.63,22.52,0.53,0.02,0.00
879,0.15,0.00,6.12,2.61,3.48,0.75,2.26,0.00,0.00,0.01,2.05,16.87,7.40,58.08,0.20,0.01,0.00
880,0.20,0.00,6.30,1.38,0.19,0.04,13.13,0.00,0.00,0.00,0.18,31.99,1.54,44.98,0.00,0.07,0.00
881,1.34,0.00,2.74,1.46,0.53,0.03,0.50,0.00,0.00,0.00,0.50,23.23,5.04,63.01,0.04,1.57,0.00
882,0.14,0.00,0.25,0.07,0.01,0.00,0.35,0.02,0.69,0.00,90.29,6.74,0.67,0.41,0.29,0.07,0.00
883,0.08,0.00,0.80,0.12,0.03,0.00,0.05,1.64,9.52,0.01,76.65,4.92,0.97,4.91,0.23,0.07,0.00
884,0.01,0.00,0.17,0.03,0.00,0.00,0.14,7.73,38.10,0.73,49.75,2.74,0.08,0.34,0.08,0.10,0.00
885,0.23,0.00,1.39,0.51,0.02,0.00,11.41,0.00,0.15,0.00,72.68,2.26,5.42,4.75,0.12,1.05,0.00
886,9.13,0.00,1.27,0.41,0.03,0.00,10.67,0.00,0.16,0.00,51.44,1.25,13.86,3.07,2.15,6.56,0.00
887,0.53,0.00,0.30,0.04,0.00,0.00,0.16,0.00,2.05,0.00,86.90,8.38,0.39,0.25,0.04,0.95,0.00
888,0.08,0.00,0.20,0.04,0.00,0.00,0.68,0.01,0.80,0.01,94.75,2.72,0.30,0.13,0.05,0.24,0.00
889,0.00,0.00,2.47,0.26,0.01,0.00,0.00,0.00,1.06,0.00,37.52,34.58,4.26,19.68,0.13,0.02,0.00
890,1.22,0.00,2.89,0.35,0.08,0.01,0.06,0.75,0.98,0.02,39.30,14.11,2.07,36.72,0.21,1.21,0.00
891,0.01,0.00,0.10,0.02,0.00,0.00,0.12,1.83,7.01,0.15,89.74,0.82,0.02,0.01,0.12,0.05,0.00
892,0.03,0.00,0.00,0.00,0.00,0.00,0.74,0.16,29.73,0.00,68.79,0.48,0.00,0.00,0.02,0.04,0.00
893,0.12,0.00,0.78,0.22,0.00,0.00,9.73,0.00,0.03,0.00,80.06,4.49,1.89,0.53,0.78,1.37,0.00
894,3.23,0.00,0.14,0.05,0.00,0.00,78.49,0.00,0.35,0.00,4.73,0.13,0.46,3.79,0.00,8.62,0.00
895,0.00,0.00,0.73,0.44,0.13,0.00,29.59,0.00,0.02,0.02,60.98,7.92,0.06,0.00,0.09,0.00,0.01
896,0.00,0.00,0.80,0.16,0.01,0.00,12.30,0.03,2.12,0.14,64.20,19.78,0.01,0.00,0.28,0.18,0.00
897,0.01,0.00,1.25,0.43,0.24,0.01,84.82,0.00,0.00,0.00,10.47,2.04,0.17,0.46,0.08,0.00,0.02
898,0.06,0.00,0.31,0.06,0.00,0.00,40.61,0.00,0.00,0.01,58.81,0.06,0.01,0.04,0.01,0.00,0.03
899,0.02,0.00,4.60,7.07,8.07,1.37,12.85,0.00,0.01,0.05,61.63,3.63,0.09,0.53,0.03,0.03,0.00
900,21.41,0.00,1.95,4.07,1.52,0.22,10.86,0.01,0.04,0.03,14.81,0.04,20.05,24.28,0.48,0.20,0.02
901,4.27,0.00,3.49,4.04,1.10,0.14,0.58,0.66,0.01,0.01,35.32,0.76,21.38,22.33,4.47,1.39,0.07
902,0.01,0.00,0.00,0.00,0.00,0.00,77.24,0.00,0.00,0.00,22.76,0.00,0.00,0.00,0.00,0.00,0.00
903,0.01,0.00,0.12,0.07,0.01,0.00,1.26,0.00,0.00,0.00,97.89,0.60,0.02,0.00,0.01,0.00,0.01
904,0.02,0.00,0.92,0.38,0.10,0.02,11.40,0.00,0.00,0.00,82.90,2.00,0.33,1.84,0.05,0.02,0.01
905,0.46,0.00,0.61,0.41,0.12,0.01,0.21,0.00,0.14,0.00,97.26,0.54,0.03,0.01,0.19,0.01,0.00
906,0.22,0.00,2.30,1.64,0.66,0.11,0.74,0.02,0.00,0.00,87.65,4.86,0.38,0.60,0.82,0.00,0.00
907,0.00,0.00,0.57,0.37,0.04,0.00,0.29,0.00,0.00,0.00,96.63,1.73,0.12,0.12,0.07,0.04,0.02
908,0.18,0.00,8.86,10.32,8.72,1.94,0.05,0.00,0.00,0.00,41.50,0.72,1.04,26.16,0.45,0.08,0.00
909,0.34,0.00,4.71,2.72,1.34,0.54,0.43,0.00,0.00,0.00,45.09,0.97,4.07,30.34,8.48,0.97,0.00
910,1.14,0.00,4.27,2.36,0.77,0.34,0.17,9.94,6.32,20.41,2.67,0.78,5.14,31.49,13.61,0.54,0.07
911,3.37,0.00,0.77,0.32,0.09,0.02,0.36,13.41,19.70,35.43,7.58,1.09,1.01,2.80,13.39,0.64,0.02
912,6.84,0.00,1.07,0.34,0.09,0.01,0.03,14.02,22.14,32.63,4.81,0.71,0.47,0.80,14.54,1.46,0.03
913,8.68,0.00,1.17,0.37,0.15,0.06,0.29,13.85,23.20,31.85,6.58,1.16,0.43,0.35,10.61,1.25,0.00
914,4.87,0.00,4.04,2.11,0.69,0.23,0.23,19.20,13.93,29.89,1.81,0.45,5.49,3.42,11.98,1.67,0.00
915,7.08,0.00,6.07,2.74,0.83,0.30,0.76,16.82,18.16,25.08,2.56,1.01,4.10,1.42,9.32,3.75,0.00
916,5.01,0.00,2.52,1.82,0.57,0.14,0.61,8.70,26.68,25.26,5.67,1.81,0.98,2.42,14.51,3.30,0.00
917,3.55,0.00,3.62,2.32,1.26,0.58,0.17,7.43,19.26,28.67,3.17,0.49,2.03,1.69,22.12,3.65,0.00
918,1.02,0.00,11.52,12.15,5.27,2.38,0.39,21.42,0.48,1.77,0.83,0.94,14.24,19.21,7.46,0.92,0.00
919,20.09,0.00,4.02,2.51,1.12,0.35,0.13,16.60,8.76,5.31,1.90,0.92,18.51,10.27,7.77,1.73,0.01
920,4.67,0.00,6.19,3.58,1.21,0.50,0.32,16.95,2.56,2.01,5.00,0.83,24.38,19.53,10.73,1.53,0.00
921,6.53,0.00,2.79,1.21,0.30,0.08,0.05,31.77,6.33,1.38,2.81,3.47,19.34,5.50,16.41,1.99,0.03
922,2.05,0.00,2.69,0.85,0.24,0.09,0.17,36.84,9.80,2.80,4.31,2.64,17.61,6.98,11.86,1.07,0.00
923,1.41,0.00,4.99,2.33,0.79,0.23,0.07,24.40,7.20,6.50,4.96,2.01,24.30,14.62,5.59,0.62,0.00
924,4.30,0.00,14.94,14.94,8.88,1.96,3.27,15.31,13.25,4.90,2.71,2.10,2.50,3.88,3.18,3.88,0.00
925,1.13,0.00,11.06,7.04,2.40,0.65,1.07,19.64,12.68,6.35,2.95,0.50,0.87,6.29,26.90,0.47,0.00
926,4.56,0.00,9.79,11.00,11.66,7.72,4.08,4.30,0.73,1.08,1.13,0.91,0.74,1.10,11.34,29.87,0.00
927,0.81,0.00,17.61,13.03,5.74,2.27,0.25,12.70,0.35,0.97,2.02,0.69,7.84,20.54,14.23,0.95,0.00
928,0.40,0.00,18.34,11.60,7.88,0.28,0.48,0.00,5.53,8.94,21.34,17.20,0.71,6.67,0.34,0.27,0.00
929,0.57,0.00,13.42,11.35,13.22,1.14,1.63,0.00,1.18,1.57,8.34,7.03,3.22,34.75,1.16,1.41,0.00
930,0.61,0.00,13.88,8.77,4.35,0.21,0.59,0.00,3.16,3.38,49.80,13.82,0.48,0.61,0.22,0.11,0.00
931,0.45,0.00,10.26,21.10,46.15,17.62,0.38,0.00,0.06,0.14,1.17,1.78,0.18,0.36,0.13,0.19,0.00
932,1.06,0.00,14.61,18.87,32.17,10.95,1.14,0.00,0.12,0.24,10.17,6.90,0.18,1.38,1.38,0.83,0.01
933,0.63,0.00,15.09,12.95,12.73,1.84,0.51,0.00,0.24,0.55,39.28,12.03,0.39,2.44,1.10,0.21,0.00
934,0.54,0.00,6.75,1.70,0.33,0.01,0.13,0.00,0.57,0.87,72.15,11.99,0.34,3.67,0.60,0.36,0.00
935,0.40,0.00,5.46,0.49,0.02,0.00,0.24,0.00,0.02,0.08,71.22,20.16,0.00,0.00,0.83,1.08,0.00
936,1.21,0.00,0.51,0.03,0.01,0.00,1.76,0.00,0.20,0.94,52.27,42.94,0.11,0.00,0.01,0.01,0.00
937,1.09,0.00,3.31,1.01,0.42,0.08,5.37,0.00,0.10,0.45,67.38,20.24,0.53,0.00,0.01,0.00,0.00
938,1.31,0.00,20.77,21.21,17.83,0.96,0.96,0.00,0.04,0.09,5.97,18.00,4.89,6.75,0.96,0.26,0.00
939,1.31,0.00,10.84,3.98,1.62,0.02,0.33,0.00,0.02,0.08,43.92,34.98,0.66,1.74,0.31,0.18,0.00
940,0.05,0.00,4.66,0.83,0.21,0.01,0.03,0.00,2.75,1.60,80.09,4.80,0.07,4.43,0.39,0.06,0.00
941,0.05,0.00,0.85,0.01,0.00,0.00,0.34,0.01,17.74,21.54,54.70,4.43,0.01,0.04,0.20,0.09,0.00
942,0.00,0.00,0.42,0.00,0.00,0.00,0.43,0.00,70.47,5.69,19.61,3.23,0.00,0.00,0.14,0.01,0.00
943,0.22,0.00,3.15,0.70,0.09,0.00,2.90,0.00,7.59,1.47,60.99,22.35,0.21,0.01,0.23,0.09,0.00
944,0.01,0.00,0.10,0.02,0.02,0.00,6.77,0.00,48.29,3.27,35.35,6.01,0.05,0.00,0.10,0.02,0.00
945,0.46,0.00,3.18,0.41,0.06,0.00,0.47,0.02,9.02,5.87,70.51,8.69,0.31,0.13,0.38,0.48,0.00
946,0.53,0.00,4.41,1.27,0.50,0.07,0.61,0.03,54.56,6.21,28.67,2.64,0.01,0.02,0.22,0.24,0.00
947,0.11,0.00,2.47,0.32,0.06,0.00,4.07,0.00,14.05,2.23,59.55,15.93,0.44,0.20,0.47,0.08,0.00
948,0.25,0.00,1.24,2.76,0.52,0.18,0.34,0.17,60.80,0.18,27.38,3.84,0.58,0.11,1.04,0.60,0.00
949,0.14,0.00,1.15,1.34,0.40,0.15,0.52,0.27,78.08,0.08,11.97,3.88,0.52,0.17,1.15,0.20,0.00
950,1.54,0.00,2.45,1.74,0.36,0.10,0.42,1.62,37.00,1.71,36.75,7.41,1.17,7.01,0.63,0.09,0.00
951,0.10,0.00,1.59,0.79,0.13,0.02,1.78,0.02,72.54,0.03,21.82,0.68,0.02,0.45,0.00,0.06,0.00
952,0.11,0.00,0.33,0.05,0.00,0.00,0.84,0.00,69.21,0.00,22.46,6.03,0.20,0.06,0.05,0.65,0.00
953,3.24,0.00,2.62,0.70,0.08,0.01,1.15,0.00,38.03,0.00,23.71,7.77,2.18,0.29,0.92,19.29,0.00
954,19.90,0.01,2.88,1.25,0.34,0.12,0.45,0.01,3.07,0.00,8.09,12.29,21.65,25.76,0.01,4.18,0.00
955,0.30,0.00,0.25,0.04,0.00,0.00,1.64,0.00,63.88,0.00,23.00,9.48,0.14,0.06,0.01,1.22,0.00
956,0.58,0.00,0.74,0.09,0.00,0.00,0.20,0.18,71.08,0.23,20.15,3.90,0.15,0.86,0.00,1.85,0.00
957,2.32,0.00,0.53,0.10,0.01,0.00,0.73,0.00,17.32,0.00,45.20,30.44,0.81,1.48,0.02,1.04,0.00
958,0.74,0.00,3.17,2.21,0.54,0.09,0.67,0.18,7.88,0.03,23.04,28.39,8.96,23.77,0.01,0.34,0.00
959,1.30,0.00,2.80,0.46,0.08,0.01,0.88,0.00,4.26,0.00,20.96,28.53,19.90,17.97,0.03,2.83,0.00
960,0.06,0.00,0.20,0.03,0.00,0.00,3.63,0.08,61.98,0.18,30.39,3.12,0.16,0.01,0.03,0.11,0.00
961,0.11,0.00,0.00,0.00,0.00,0.00,9.29,0.04,53.20,0.49,35.86,0.97,0.00,0.00,0.00,0.04,0.00
962,0.14,0.00,0.09,0.01,0.00,0.00,0.39,0.00,4.29,0.00,26.71,67.25,0.74,0.04,0.00,0.36,0.00
963,4.22,0.00,0.47,0.08,0.02,0.00,1.19,0.07,15.14,0.37,71.26,5.10,1.03,0.47,0.17,0.43,0.00
964,0.02,0.00,0.61,0.00,0.00,0.00,1.09,0.00,71.00,0.00,22.60,4.55,0.00,0.01,0.00,0.12,0.00
965,0.05,0.00,0.61,0.01,0.00,0.00,1.19,0.00,30.40,0.00,40.63,26.08,0.52,0.23,0.01,0.27,0.00
966,0.01,0.00,0.64,0.10,0.00,0.00,2.26,0.00,36.81,0.00,37.79,18.87,1.86,1.30,0.00,0.36,0.00
967,1.12,0.00,0.70,0.25,0.02,0.00,2.34,0.87,19.26,0.56,41.43,30.98,1.74,0.68,0.03,0.00,0.00
