uniqid_eco4,NWALT74_12_eco4,NWALT74_21_eco4,NWALT74_22_eco4,NWALT74_23_eco4,NWALT74_24_eco4,NWALT74_25_eco4,NWALT74_26_eco4,NWALT74_27_eco4,NWALT74_31_eco4,NWALT74_32_eco4,NWALT74_33_eco4,NWALT74_41_eco4,NWALT74_43_eco4,NWALT74_44_eco4,NWALT74_45_eco4,NWALT74_46_eco4,NWALT74_50_eco4,NWALT74_60_eco4,NWALT74_9999_eco4
1,0.14,0.50,0.16,0.15,0.05,0.05,0.41,0.32,0.03,0.40,0.04,0.00,11.02,1.89,0.27,4.39,76.29,0.15,0.00
2,0.00,0.25,0.04,0.01,0.01,0.03,0.08,0.17,0.00,0.02,0.00,0.00,77.93,0.98,0.02,1.18,19.26,0.02,0.00
3,0.00,0.34,0.05,0.02,0.01,0.03,0.10,0.16,0.00,0.06,0.01,0.00,35.46,1.55,0.49,3.03,58.61,0.04,0.00
4,0.00,0.12,0.02,0.01,0.01,0.00,0.08,0.17,0.00,0.01,0.00,0.00,34.09,2.07,0.06,3.92,58.31,0.00,0.00
5,0.15,0.90,0.49,0.42,0.11,0.24,0.95,0.92,0.31,0.38,0.18,0.00,41.39,5.46,0.39,3.33,39.73,0.17,0.00
6,0.00,0.30,0.17,0.02,0.07,0.15,0.83,0.23,0.00,0.51,0.00,0.00,45.11,0.70,0.28,31.03,19.27,0.00,0.00
7,0.00,0.15,0.04,0.02,0.01,0.03,0.17,0.28,0.04,0.05,0.05,0.00,20.06,2.28,0.16,8.34,68.08,0.17,0.00
8,0.00,0.41,0.26,0.03,0.01,0.09,0.33,0.30,0.00,0.05,0.00,0.00,89.86,0.80,0.00,1.16,6.69,0.00,0.00
9,0.00,0.39,0.08,0.06,0.01,0.00,0.36,0.29,0.00,0.04,0.00,0.00,78.46,0.33,0.00,5.45,14.53,0.00,0.00
10,0.00,0.23,0.08,0.02,0.01,0.00,0.16,0.20,0.00,0.01,0.01,0.00,68.41,1.65,0.05,11.06,18.11,0.00,0.00
11,0.01,0.06,0.00,0.00,0.05,0.00,0.00,0.02,0.00,0.08,0.00,0.00,0.74,0.23,0.12,1.55,95.88,0.00,0.00
12,0.00,0.53,0.35,0.26,0.08,0.14,0.15,0.18,0.01,0.28,0.01,0.00,6.73,0.09,0.06,64.18,22.28,0.20,0.00
13,0.03,0.60,0.23,0.06,0.02,0.03,0.33,0.70,0.00,0.31,0.01,0.01,1.62,5.88,0.29,13.41,73.13,0.22,0.00
14,0.00,0.13,0.00,0.00,0.00,0.00,0.00,0.04,0.00,0.00,0.00,0.00,3.95,0.19,0.19,13.85,81.65,0.00,0.00
15,0.03,0.13,0.01,0.00,0.00,0.00,0.03,0.06,0.00,0.08,0.00,0.00,0.19,0.48,1.43,0.85,95.57,0.89,0.00
16,0.06,0.10,0.00,0.00,0.00,0.00,0.00,0.01,0.00,0.00,0.00,0.00,0.02,0.03,0.09,0.06,98.63,0.99,0.00
17,0.00,0.16,0.00,0.00,0.00,0.00,0.00,0.04,0.00,0.01,0.00,0.00,0.40,0.04,0.05,3.83,94.04,1.39,0.00
18,0.02,0.12,0.00,0.00,0.00,0.00,0.00,0.01,0.00,0.04,0.00,0.00,0.00,0.01,0.21,0.81,93.04,5.52,0.00
19,0.00,0.04,0.00,0.00,0.00,0.00,0.00,0.02,0.00,0.00,0.00,0.00,0.19,0.03,0.13,2.07,89.45,7.70,0.00
20,0.00,0.05,0.00,0.00,0.08,0.00,0.00,0.02,0.00,0.00,0.00,0.00,0.16,0.04,0.20,2.86,85.24,11.25,0.00
21,0.00,0.11,0.00,0.00,0.03,0.00,0.01,0.02,0.00,0.01,0.00,0.00,0.94,0.10,0.09,36.99,58.65,2.23,0.00
22,0.02,0.03,0.00,0.00,0.00,0.00,0.00,0.01,0.00,0.00,0.00,0.00,0.00,0.00,0.07,0.02,99.46,0.38,0.00
23,0.02,0.12,0.00,0.00,0.00,0.00,0.00,0.03,0.00,0.00,0.00,0.00,1.28,0.99,0.75,5.04,90.80,0.37,0.00
24,0.02,0.54,0.20,0.10,0.04,0.12,0.51,0.30,0.01,0.22,0.04,0.00,38.67,2.31,2.38,27.57,24.51,2.25,0.00
25,0.02,0.03,0.00,0.00,0.00,0.00,0.00,0.02,0.00,0.01,0.00,0.00,0.03,0.01,0.00,0.23,82.64,16.97,0.00
26,0.00,0.00,0.00,0.00,0.00,0.00,0.00,0.00,0.00,0.00,0.00,0.00,0.00,0.00,0.00,0.28,35.32,64.08,0.00
27,0.02,0.58,0.23,0.13,0.04,0.02,0.46,1.20,0.00,0.39,0.12,0.05,13.02,0.97,1.52,1.30,76.46,2.95,0.00
28,0.88,0.33,0.01,0.00,0.00,0.00,0.05,0.06,0.00,0.31,0.00,0.00,0.04,0.72,9.06,1.25,86.57,0.00,0.00
29,0.19,0.99,1.41,0.47,0.30,0.49,2.77,1.59,0.20,0.23,0.02,0.00,50.45,17.47,1.15,7.83,11.76,0.07,0.00
30,0.01,0.11,0.01,0.00,0.00,0.00,0.00,0.02,0.00,0.00,0.00,0.00,1.98,0.28,0.02,0.65,90.22,6.70,0.00
31,0.61,0.62,0.15,0.01,0.02,0.00,0.30,0.35,0.00,0.23,0.00,0.00,5.26,4.91,11.71,44.37,30.50,0.01,0.00
32,0.86,0.19,0.07,0.00,0.01,0.00,0.08,0.35,0.00,0.09,0.00,0.00,58.37,4.01,1.34,9.02,25.17,0.00,0.00
33,2.95,1.00,0.85,0.28,0.16,0.36,1.33,1.25,0.38,0.17,0.03,0.01,62.88,9.36,0.22,1.04,10.91,0.01,0.00
34,0.02,0.16,0.02,0.00,0.00,0.00,0.02,0.04,0.00,0.02,0.00,0.00,2.08,1.28,0.79,19.20,75.78,0.00,0.00
35,0.05,0.17,0.01,0.02,0.00,0.00,0.02,0.12,0.00,0.01,0.02,0.00,12.86,2.86,0.23,18.14,64.99,0.07,0.00
36,0.01,0.26,0.08,0.23,0.02,0.00,0.08,0.17,0.08,0.26,0.03,0.00,5.91,3.10,0.88,52.09,36.27,0.14,0.00
37,0.02,0.69,0.49,0.17,0.06,0.17,0.66,0.95,0.00,0.11,0.04,0.00,59.31,21.28,0.60,5.93,8.50,0.01,0.00
38,0.02,0.23,0.02,0.00,0.02,0.00,0.06,0.12,0.12,0.07,0.01,0.00,4.91,2.39,0.62,47.32,43.46,0.04,0.00
39,0.08,0.10,0.01,0.02,0.01,0.00,0.00,0.01,0.01,0.00,0.02,0.03,0.02,0.24,0.01,0.08,77.31,0.00,0.00
40,0.09,0.64,0.62,0.19,0.19,0.27,0.99,0.81,1.06,0.76,0.02,0.05,0.74,3.37,1.26,6.86,81.16,0.00,0.00
41,0.78,0.87,0.04,0.03,0.00,0.00,0.10,0.25,0.00,0.03,0.01,0.00,0.84,5.62,19.18,35.81,36.42,0.00,0.00
42,0.07,0.69,0.07,0.00,1.33,0.02,0.36,0.09,0.00,0.07,0.02,0.04,2.40,2.27,0.01,1.77,88.62,1.91,0.00
43,0.02,0.38,0.02,0.00,0.04,0.00,0.00,0.01,0.00,0.00,0.00,0.03,0.00,0.02,0.00,1.17,75.51,0.00,0.00
44,0.05,0.42,0.00,0.00,0.12,0.00,0.00,0.02,0.00,0.00,0.00,0.00,0.15,0.51,0.02,5.57,93.08,0.00,0.00
45,0.04,0.17,0.02,0.03,0.00,0.00,0.01,0.04,0.01,0.02,0.02,0.01,0.71,2.08,0.09,11.86,84.70,0.00,0.00
46,0.01,0.25,0.06,0.04,0.01,0.01,0.22,0.09,0.02,0.20,0.01,0.12,1.57,4.46,0.35,11.36,80.35,0.00,0.00
47,0.00,0.06,0.00,0.00,0.00,0.00,0.00,0.02,0.00,0.04,0.00,0.11,0.01,0.10,0.03,0.52,98.84,0.25,0.00
48,0.00,0.00,0.00,0.00,0.00,0.00,0.00,0.00,0.00,0.00,0.00,0.00,0.00,0.00,0.00,0.67,90.46,8.86,0.00
49,0.41,3.18,5.92,2.77,1.83,4.40,12.86,1.56,7.69,1.21,0.15,0.21,12.23,23.44,0.60,1.11,10.60,0.00,0.00
50,6.84,0.08,0.01,0.02,0.00,0.00,0.00,0.03,0.02,0.05,0.04,0.02,1.26,3.39,0.19,0.13,72.68,0.00,0.00
51,0.05,0.08,0.00,0.05,0.00,0.00,0.00,0.01,0.00,0.00,0.03,0.05,0.06,0.20,0.02,0.42,91.86,0.00,0.00
52,1.02,0.74,0.38,0.11,0.09,0.13,1.52,0.82,0.36,0.31,0.09,0.00,44.12,22.91,1.90,6.00,18.82,0.00,0.00
53,0.05,0.22,0.03,0.03,0.01,0.01,0.04,0.15,0.00,0.05,0.03,0.11,1.56,1.36,0.08,1.99,93.39,0.00,0.00
54,0.01,0.02,0.00,0.00,0.00,0.00,0.00,0.00,0.00,0.00,0.00,0.31,0.06,0.18,0.09,11.97,87.30,0.00,0.00
55,0.00,0.00,0.00,0.00,0.00,0.00,0.00,0.00,0.00,0.00,0.00,0.21,0.00,0.00,0.00,1.69,98.09,0.00,0.00
56,0.22,0.16,0.04,0.01,0.01,0.01,0.04,0.22,0.00,0.08,0.02,0.35,0.20,2.07,0.66,11.83,83.91,0.00,0.00
57,0.49,0.10,0.00,0.00,0.00,0.00,0.00,0.02,0.00,0.00,0.00,0.00,0.00,3.63,0.72,1.73,93.30,0.00,0.00
58,0.00,0.00,0.00,0.00,0.00,0.00,0.00,0.01,0.00,0.00,0.00,0.00,0.00,0.00,0.00,0.24,97.02,2.41,0.00
59,0.11,0.20,0.01,0.00,0.00,0.00,0.01,0.03,0.00,0.01,0.01,0.02,0.08,1.28,0.10,2.67,95.46,0.00,0.00
60,0.00,0.05,0.00,0.00,0.00,0.00,0.00,0.01,0.00,0.00,0.00,0.13,0.00,0.00,0.00,0.75,98.46,0.58,0.00
61,0.01,0.09,0.00,0.00,0.00,0.00,0.00,0.01,0.00,0.00,0.00,0.05,0.01,0.21,0.05,4.65,94.91,0.01,0.00
62,0.00,0.01,0.00,0.00,0.00,0.00,0.00,0.01,0.00,0.00,0.00,0.01,0.00,0.00,0.00,0.85,98.91,0.20,0.00
63,0.00,0.01,0.00,0.00,0.00,0.00,0.00,0.00,0.00,0.00,0.00,0.03,0.00,0.00,0.00,0.37,98.85,0.75,0.00
64,0.00,0.17,0.00,0.02,0.00,0.00,0.00,0.02,0.00,0.01,0.03,0.10,0.17,0.29,0.03,0.97,97.54,0.62,0.00
65,0.00,0.05,0.00,0.00,0.00,0.00,0.00,0.00,0.00,0.00,0.00,0.02,0.00,0.00,0.00,1.08,97.44,1.39,0.00
66,0.00,0.02,0.00,0.00,0.00,0.00,0.00,0.00,0.00,0.00,0.00,0.00,0.00,0.00,0.00,0.75,99.23,0.00,0.00
67,0.00,0.11,0.00,0.00,0.00,0.00,0.00,0.03,0.00,0.00,0.00,0.01,0.00,0.01,0.02,1.78,94.16,3.86,0.00
68,0.00,0.00,0.00,0.00,0.00,0.00,0.00,0.01,0.00,0.00,0.00,0.03,0.00,0.00,0.00,0.69,70.03,29.22,0.00
69,0.12,0.23,0.03,0.01,0.00,0.00,0.05,0.13,0.00,0.05,0.05,0.06,1.32,3.41,1.14,12.86,80.51,0.00,0.00
70,0.01,0.33,0.25,0.12,0.06,0.10,0.40,0.31,0.38,0.36,0.01,0.06,0.09,0.07,0.01,3.61,93.59,0.24,0.00
71,0.00,0.05,0.01,0.00,0.01,0.00,0.01,0.02,0.00,0.03,0.00,0.03,0.00,0.01,0.00,1.77,96.82,1.21,0.00
72,0.00,0.01,0.00,0.00,0.00,0.00,0.00,0.01,0.00,0.00,0.00,0.00,0.00,0.00,0.00,0.21,99.74,0.02,0.00
73,0.00,0.00,0.00,0.00,0.00,0.00,0.00,0.00,0.00,0.00,0.00,0.00,0.00,0.00,0.00,0.00,94.32,5.68,0.00
74,0.41,0.27,0.09,0.03,0.06,0.00,0.18,0.19,0.00,0.35,0.02,0.05,0.84,0.67,0.05,0.20,87.99,0.42,0.00
75,0.00,0.10,0.01,0.05,0.01,0.00,0.00,0.13,0.00,0.03,0.00,0.78,0.13,0.06,0.00,0.02,95.25,1.30,0.00
76,0.01,0.18,0.04,0.01,0.00,0.00,0.00,0.24,0.00,0.05,0.01,0.04,0.21,0.15,0.01,0.06,96.43,2.53,0.00
77,0.00,0.21,0.01,0.00,0.00,0.00,0.01,0.01,0.00,0.01,0.00,0.01,0.05,0.02,0.00,0.00,96.12,3.55,0.00
78,0.00,0.07,0.00,0.00,0.01,0.00,0.00,0.00,0.00,0.00,0.00,0.00,0.03,0.03,0.00,0.00,94.45,5.41,0.00
79,0.00,0.45,0.28,0.23,0.09,0.09,1.03,0.59,1.34,1.03,0.06,0.12,0.88,1.42,0.52,3.03,87.77,0.93,0.00
80,0.00,0.05,0.00,0.03,0.01,0.00,0.01,0.02,0.04,0.13,0.02,0.04,0.00,0.00,0.01,0.34,95.90,3.40,0.00
81,0.00,0.00,0.00,0.00,0.00,0.00,0.00,0.00,0.00,0.00,0.00,0.00,0.00,0.00,0.00,0.45,95.45,4.10,0.00
82,0.00,0.00,0.00,0.00,0.00,0.00,0.00,0.00,0.00,0.00,0.00,0.00,0.00,0.00,0.00,0.00,100.00,0.00,0.00
83,0.00,0.22,0.00,0.00,0.00,0.00,0.00,0.01,0.00,0.00,0.00,0.06,0.00,0.00,0.00,0.00,99.57,0.14,0.00
84,0.00,0.04,0.00,0.00,0.01,0.00,0.00,0.00,0.00,0.00,0.00,0.00,0.01,0.01,0.00,0.02,98.84,1.07,0.00
85,0.01,0.00,0.00,0.00,0.00,0.00,0.00,0.00,0.00,0.00,0.00,0.00,0.00,0.00,0.00,0.31,51.97,47.09,0.00
86,0.06,0.41,0.02,0.00,0.00,0.00,0.04,0.03,0.00,0.06,0.01,0.00,0.08,0.36,0.55,1.49,96.24,0.16,0.00
87,0.04,0.35,0.16,0.01,0.00,0.00,0.11,0.30,0.00,0.05,0.00,0.00,6.35,19.86,4.28,47.28,19.70,0.00,0.00
88,0.36,0.62,0.47,0.11,0.11,0.08,0.75,1.12,0.00,0.98,0.01,0.00,18.54,23.99,2.64,14.11,15.85,0.00,0.00
89,0.03,0.91,0.38,0.01,0.00,0.00,0.87,0.57,0.00,1.29,0.00,0.00,2.85,4.68,0.25,6.67,80.09,0.00,0.00
90,0.02,0.16,0.01,0.00,0.00,0.00,0.01,0.04,0.00,0.10,0.00,0.00,0.21,0.80,0.72,45.89,51.52,0.00,0.00
91,0.00,0.14,0.04,0.01,0.00,0.00,0.09,0.32,0.00,0.17,0.00,0.00,58.77,4.27,0.01,5.75,30.39,0.00,0.00
92,0.01,0.09,0.01,0.00,0.00,0.01,0.00,0.03,0.00,0.00,0.00,0.00,0.14,0.17,0.80,9.72,88.60,0.00,0.01
93,0.00,0.00,0.00,0.00,0.00,0.00,0.00,0.00,0.00,0.00,0.00,0.00,0.00,0.01,0.00,0.37,80.56,18.57,0.00
94,0.00,0.00,0.01,0.00,0.00,0.00,0.01,0.01,0.00,0.04,0.00,0.00,0.00,0.00,0.00,0.02,99.78,0.08,0.00
95,0.01,0.55,0.10,0.03,0.01,0.02,0.19,0.25,0.01,0.45,0.00,0.01,7.91,0.86,0.28,15.98,70.69,0.00,0.00
96,0.03,0.16,0.03,0.01,0.00,0.00,0.05,0.07,0.00,0.09,0.00,0.00,0.04,0.24,0.27,0.36,97.27,0.06,0.00
97,0.05,0.12,0.03,0.01,0.00,0.01,0.05,0.09,0.00,0.14,0.00,0.00,0.07,0.22,0.22,0.82,96.73,0.09,0.01
98,0.12,0.60,0.23,0.10,0.00,0.00,0.38,0.61,0.00,0.78,0.05,0.00,25.42,2.49,0.74,3.51,61.69,0.03,0.04
99,0.01,0.00,0.02,0.01,0.00,0.00,0.07,0.10,0.00,0.05,0.00,0.00,3.07,0.31,0.42,3.66,92.28,0.00,0.00
100,0.07,0.23,0.04,0.02,0.01,0.03,0.08,0.07,0.02,0.36,0.01,0.06,0.02,0.12,0.05,0.16,98.06,0.19,0.00
101,0.01,0.04,0.01,0.00,0.00,0.00,0.01,0.02,0.00,0.01,0.00,0.00,0.01,0.02,0.05,0.07,96.55,2.88,0.00
102,0.02,0.17,0.02,0.00,0.00,0.00,0.02,0.06,0.00,0.09,0.00,0.01,0.02,0.03,0.02,0.03,93.28,5.53,0.02
103,0.05,0.29,0.05,0.01,0.01,0.01,0.08,0.15,0.00,0.10,0.00,0.02,1.31,1.52,1.24,5.36,86.71,0.00,0.00
104,0.03,1.15,2.30,0.82,0.57,2.17,5.89,1.75,2.42,2.52,0.20,0.00,11.33,2.78,1.94,6.32,55.92,0.02,0.00
105,0.20,0.43,0.10,0.09,0.03,0.00,0.14,0.62,0.00,0.12,0.01,0.00,0.95,2.18,0.36,0.30,89.33,0.14,0.00
106,0.23,0.44,0.15,0.04,0.01,0.01,0.17,0.31,0.00,0.37,0.01,0.01,0.67,0.90,1.52,1.68,78.97,0.42,0.00
107,0.03,0.20,0.03,0.01,0.02,0.01,0.20,0.27,0.08,0.52,0.08,0.00,6.19,0.44,0.31,2.11,85.23,0.07,0.00
108,0.06,0.00,0.00,0.00,0.02,0.00,0.02,0.10,0.00,0.23,0.00,0.05,0.06,0.14,0.41,0.88,97.05,0.00,0.00
109,0.01,0.11,0.00,0.00,0.00,0.00,0.00,0.01,0.00,0.00,0.00,0.00,0.01,0.02,0.05,1.33,98.21,0.20,0.02
110,0.01,0.06,0.01,0.00,0.00,0.00,0.01,0.02,0.00,0.02,0.00,0.00,0.01,0.05,0.05,0.09,96.18,2.90,0.01
111,0.04,0.06,0.00,0.00,0.00,0.00,0.00,0.01,0.00,0.00,0.00,0.00,0.09,0.06,0.02,2.03,89.08,8.52,0.00
112,0.01,0.06,0.00,0.00,0.00,0.00,0.00,0.00,0.00,0.00,0.00,0.00,0.00,0.00,0.00,0.00,46.01,53.86,0.00
113,0.00,0.25,0.00,0.00,0.00,0.00,0.00,0.01,0.00,0.00,0.00,0.00,0.00,0.00,0.00,0.05,52.49,46.98,0.00
114,0.15,0.03,0.05,0.00,0.05,0.00,0.10,0.06,0.00,0.40,0.00,0.00,0.00,0.03,0.03,12.56,86.28,0.21,0.00
115,0.00,0.00,0.00,0.00,0.00,0.00,0.00,0.00,0.00,0.00,0.00,0.00,0.00,0.01,0.00,0.00,25.98,73.69,0.00
116,0.10,0.05,0.01,0.00,0.01,0.00,0.03,0.05,0.00,0.09,0.01,0.00,0.32,0.46,0.55,36.14,61.57,0.07,0.00
117,1.53,0.28,0.13,0.02,0.05,0.00,0.20,0.24,0.00,1.05,0.01,0.00,2.26,5.41,3.59,8.45,60.57,7.12,0.00
118,0.00,0.00,0.00,0.00,0.00,0.00,0.00,0.00,0.00,0.00,0.00,0.00,0.00,0.00,0.00,3.78,64.67,30.77,0.00
119,0.01,0.03,0.00,0.00,0.00,0.00,0.00,0.01,0.00,0.00,0.00,0.00,0.12,0.03,0.00,0.53,90.30,8.96,0.00
120,0.01,0.04,0.01,0.00,0.00,0.00,0.00,0.02,0.00,0.02,0.00,0.00,0.01,0.12,0.06,2.30,96.19,1.00,0.00
121,0.07,0.02,0.00,0.00,0.00,0.00,0.00,0.01,0.00,0.01,0.00,0.01,0.00,0.02,0.01,2.88,95.26,1.53,0.00
122,0.33,0.39,0.13,0.06,0.06,0.05,0.28,0.12,0.21,0.28,0.03,0.05,1.12,0.79,4.92,25.66,64.53,0.82,0.00
123,0.35,0.48,0.11,0.06,0.02,0.08,0.14,0.25,0.01,0.15,0.02,0.13,4.67,9.04,2.63,40.86,40.53,0.06,0.00
124,0.10,0.09,0.00,0.00,0.00,0.00,0.00,0.02,0.00,0.02,0.00,0.02,0.08,0.51,0.43,44.34,54.15,0.16,0.00
125,0.09,0.21,0.01,0.00,0.00,0.00,0.01,0.06,0.00,0.13,0.00,0.00,0.05,2.16,4.46,65.00,27.70,0.00,0.00
126,0.00,0.00,0.00,0.00,0.00,0.00,0.00,0.00,0.00,0.00,0.00,0.00,0.00,0.00,0.01,17.12,81.40,1.47,0.00
127,0.03,0.00,0.00,0.00,0.00,0.00,0.00,0.00,0.00,0.00,0.00,0.00,0.00,0.00,0.02,8.36,91.48,0.00,0.00
128,4.19,0.00,0.00,0.00,0.01,0.00,0.00,0.04,0.00,0.00,0.00,0.00,0.01,0.06,0.24,34.29,53.04,0.12,0.00
129,0.01,0.02,0.00,0.00,0.00,0.00,0.00,0.01,0.00,0.00,0.00,0.00,0.00,0.30,0.15,5.88,89.03,4.44,0.00
130,0.01,0.03,0.00,0.00,0.00,0.00,0.00,0.01,0.00,0.00,0.00,0.00,0.00,0.20,0.22,21.77,77.39,0.31,0.00
131,0.02,0.19,0.00,0.00,0.00,0.00,0.00,0.01,0.00,0.00,0.00,0.02,0.01,0.08,0.04,7.63,90.81,1.07,0.00
132,0.02,0.24,0.01,0.00,0.00,0.00,0.01,0.04,0.00,0.01,0.00,0.00,0.04,0.11,0.11,13.48,85.84,0.06,0.00
133,0.68,0.95,0.15,0.08,0.03,0.08,0.13,0.27,0.00,0.14,0.08,0.62,4.74,10.08,3.36,41.48,36.77,0.01,0.00
134,0.03,0.07,0.00,0.00,0.00,0.00,0.00,0.00,0.00,0.00,0.00,0.00,0.04,0.27,0.02,7.15,92.41,0.00,0.00
135,0.02,0.09,0.02,0.00,0.01,0.00,0.00,0.02,0.00,0.00,0.00,0.01,0.03,0.06,0.02,2.68,89.46,6.62,0.00
136,0.02,0.01,0.00,0.00,0.00,0.00,0.00,0.00,0.00,0.00,0.00,0.00,0.00,0.00,0.00,0.75,22.97,76.20,0.00
137,0.05,0.04,0.00,0.00,0.00,0.00,0.00,0.00,0.00,0.00,0.00,0.00,0.00,0.02,0.00,4.95,82.53,12.34,0.00
138,0.01,0.31,0.03,0.01,0.03,0.00,0.07,0.12,0.09,0.10,0.01,0.03,0.01,0.28,1.03,3.86,91.77,2.13,0.00
139,0.01,0.32,0.03,0.02,0.00,0.03,0.08,0.03,0.01,0.41,0.00,0.19,0.01,0.13,0.61,1.59,96.45,0.00,0.00
140,0.01,0.00,0.00,0.00,0.00,0.00,0.00,0.00,0.00,0.00,0.00,0.00,0.00,0.01,0.00,4.50,93.66,1.39,0.00
141,0.03,0.01,0.00,0.00,0.00,0.00,0.00,0.00,0.00,0.00,0.00,0.00,0.00,0.00,0.01,17.34,80.87,1.73,0.00
142,0.00,0.00,0.00,0.00,0.00,0.00,0.00,0.00,0.00,0.00,0.00,0.00,0.00,0.00,0.00,4.58,95.36,0.00,0.00
143,0.30,0.07,0.00,0.00,0.00,0.00,0.00,0.02,0.00,0.00,0.00,0.00,0.00,0.06,0.06,5.64,84.09,9.56,0.00
144,0.00,0.01,0.00,0.00,0.00,0.00,0.00,0.00,0.00,0.00,0.00,0.00,0.00,0.01,0.00,2.93,61.32,34.98,0.00
145,0.37,0.08,0.00,0.00,0.00,0.00,0.01,0.01,0.00,0.02,0.00,0.00,0.01,0.05,0.03,3.98,58.36,36.93,0.00
146,0.47,0.17,0.01,0.00,0.00,0.00,0.02,0.03,0.00,0.05,0.01,0.00,0.03,0.01,0.03,0.40,32.39,60.10,0.00
147,0.06,0.10,0.00,0.00,0.00,0.00,0.00,0.00,0.00,0.06,0.00,0.00,0.00,0.02,0.00,2.68,78.10,17.44,0.00
148,0.01,0.07,0.00,0.00,0.00,0.00,0.00,0.00,0.00,0.00,0.00,0.00,0.01,0.02,0.01,1.03,98.34,0.14,0.00
149,0.02,0.09,0.00,0.00,0.00,0.00,0.00,0.00,0.00,0.18,0.00,0.07,0.00,0.01,0.02,12.42,86.92,0.14,0.00
150,4.88,0.31,0.08,0.01,0.07,0.00,0.13,0.40,0.00,0.15,0.00,0.00,2.40,5.19,1.81,14.13,39.57,25.43,0.00
151,0.11,0.05,0.00,0.00,0.00,0.00,0.00,0.01,0.00,0.00,0.00,0.00,0.22,0.15,0.18,9.83,88.35,0.14,0.00
152,1.52,0.51,0.01,0.00,0.00,0.00,0.00,0.11,0.00,0.00,0.00,0.00,3.83,12.86,10.53,31.31,38.22,0.00,0.00
153,0.00,0.10,0.00,0.00,0.00,0.00,0.00,0.02,0.00,0.07,0.00,0.01,0.00,0.01,0.04,7.60,91.61,0.52,0.00
154,0.00,0.07,0.00,0.00,0.00,0.00,0.00,0.01,0.00,0.00,0.00,0.24,0.00,0.06,0.02,14.29,85.26,0.00,0.00
155,2.00,1.16,1.06,0.25,0.15,0.38,1.38,1.30,0.83,0.93,0.04,0.01,5.16,15.95,6.96,18.59,43.24,0.02,0.00
156,0.05,0.00,0.00,0.00,0.00,0.00,0.00,0.02,0.00,0.00,0.00,0.00,0.05,0.44,0.08,16.02,83.15,0.18,0.00
157,0.73,0.32,0.01,0.00,0.00,0.00,0.01,0.18,0.00,0.11,0.00,0.00,3.79,5.08,2.33,55.68,30.02,0.00,0.00
158,0.00,0.06,0.01,0.00,0.00,0.00,0.00,0.04,0.00,0.00,0.00,0.00,0.03,0.01,0.08,11.36,81.46,6.88,0.00
159,0.13,0.64,0.30,0.11,0.05,0.08,0.37,0.65,0.00,0.45,0.02,0.04,7.98,10.74,1.99,52.51,21.35,0.00,0.00
160,0.07,0.07,0.01,0.00,0.00,0.00,0.01,0.04,0.01,0.01,0.00,0.00,0.16,0.28,0.24,1.62,89.31,7.90,0.00
161,0.01,0.04,0.00,0.03,0.00,0.00,0.00,0.01,0.00,0.00,0.00,0.01,0.01,0.16,0.20,47.76,51.63,0.00,0.00
162,0.00,0.00,0.00,0.00,0.00,0.00,0.00,0.00,0.00,0.00,0.00,0.01,0.00,0.00,0.00,3.68,96.12,0.00,0.00
163,0.36,0.17,0.02,0.02,0.00,0.01,0.04,0.04,0.00,0.05,0.01,0.06,0.17,1.17,0.21,13.81,83.20,0.03,0.00
164,0.19,0.17,0.02,0.01,0.01,0.00,0.06,0.06,0.00,0.06,0.02,0.01,1.13,3.27,0.28,44.74,49.28,0.23,0.00
165,3.49,0.35,0.08,0.02,0.01,0.03,0.21,0.20,0.00,0.08,0.06,0.01,0.80,21.31,2.76,4.07,61.85,0.01,0.00
166,0.30,0.10,0.01,0.00,0.00,0.00,0.02,0.02,0.00,0.02,0.00,0.03,0.02,0.63,0.18,15.53,82.78,0.14,0.00
167,0.09,0.20,0.01,0.04,0.00,0.00,0.02,0.03,0.00,0.06,0.01,0.27,0.02,0.10,0.04,7.66,91.13,0.00,0.00
168,1.09,0.36,0.10,0.03,0.02,0.07,0.15,0.11,0.00,0.23,0.05,0.02,0.02,2.78,1.63,14.51,77.42,0.00,0.00
169,0.46,0.23,0.04,0.01,0.00,0.02,0.08,0.11,0.00,0.10,0.03,0.02,3.19,3.20,0.25,60.52,30.70,0.00,0.00
170,0.00,0.00,0.00,0.00,0.00,0.00,0.00,0.00,0.00,0.00,0.00,0.00,0.00,0.00,0.01,0.53,97.47,1.13,0.00
171,0.00,0.00,0.00,0.00,0.00,0.00,0.00,0.01,0.00,0.00,0.00,0.00,0.00,0.00,0.00,0.28,98.64,0.19,0.00
172,0.01,0.05,0.02,0.00,0.00,0.00,0.00,0.04,0.00,0.00,0.00,0.00,0.00,0.01,0.01,0.06,99.33,0.20,0.00
173,0.00,0.06,0.01,0.00,0.00,0.00,0.01,0.03,0.00,0.02,0.00,0.01,0.00,0.00,0.00,1.05,98.51,0.08,0.00
174,0.00,0.02,0.01,0.00,0.00,0.00,0.00,0.04,0.00,0.00,0.00,0.00,0.00,0.00,0.00,0.90,97.97,0.68,0.00
175,0.02,0.21,0.01,0.00,0.01,0.00,0.04,0.06,0.21,0.12,0.00,0.01,0.17,0.62,0.18,0.85,97.00,0.22,0.00
176,0.01,0.60,0.19,0.03,0.03,0.00,0.66,0.40,0.00,0.70,0.01,0.02,3.59,11.66,1.51,0.54,76.98,0.14,0.00
177,2.50,1.67,1.04,0.58,0.36,0.59,4.25,2.06,0.07,6.15,0.38,0.04,1.27,9.50,2.29,1.25,58.47,2.46,0.00
178,0.72,0.44,0.11,0.05,0.04,0.01,0.40,0.77,0.00,0.85,0.03,0.06,0.22,0.92,0.25,0.13,90.25,3.37,0.00
179,0.06,0.06,0.01,0.00,0.00,0.00,0.02,0.10,0.00,0.15,0.00,0.01,0.02,0.13,0.01,0.02,57.56,41.10,0.00
180,0.08,0.15,0.02,0.01,0.04,0.01,0.07,0.54,0.26,0.17,0.00,0.01,0.08,0.42,0.09,0.06,94.41,3.02,0.00
181,0.61,0.22,0.03,0.00,0.02,0.00,0.34,0.40,0.00,0.56,0.00,0.03,0.05,1.24,0.22,0.06,95.04,0.00,0.00
182,0.33,0.29,0.06,0.07,0.04,0.01,0.43,0.71,0.25,0.30,0.00,0.02,0.34,2.95,0.33,0.11,92.89,0.31,0.00
183,0.02,0.11,0.01,0.00,0.00,0.00,0.01,0.33,0.00,0.02,0.00,0.00,0.06,1.03,0.16,0.08,97.89,0.08,0.00
184,0.00,0.02,0.01,0.02,0.01,0.00,0.11,0.36,0.00,0.18,0.00,0.00,0.03,0.48,0.57,1.86,95.78,0.45,0.00
185,0.01,0.29,0.01,0.02,0.04,0.00,0.01,0.23,0.00,0.20,0.02,0.00,0.01,0.17,0.18,0.07,89.92,8.01,0.00
186,0.00,0.14,0.02,0.04,0.01,0.00,0.03,0.22,0.00,0.05,0.00,0.00,0.01,0.00,0.00,3.48,94.35,1.30,0.00
187,0.00,0.17,0.02,0.00,0.03,0.01,0.18,0.28,0.03,1.30,0.00,0.00,0.01,0.00,0.12,0.23,97.33,0.06,0.00
188,0.00,1.81,0.50,0.20,0.28,0.35,2.06,3.02,0.02,4.19,0.12,0.00,0.70,0.32,1.28,7.86,76.06,0.25,0.00
189,0.53,0.04,0.07,0.01,0.57,0.00,1.16,0.23,0.00,3.66,0.12,0.00,0.01,0.00,0.00,14.08,77.34,1.01,0.00
190,0.02,0.62,0.37,0.07,0.69,0.18,2.13,1.69,7.21,2.22,0.00,0.19,0.15,0.04,0.08,1.04,83.14,0.00,0.00
191,0.13,1.65,0.75,0.04,0.46,0.00,3.02,0.89,2.95,0.39,0.00,0.01,4.69,1.83,1.42,22.73,57.96,0.00,0.00
192,0.00,0.29,0.08,0.01,0.02,0.01,0.15,0.37,0.00,0.22,0.07,0.00,14.51,15.18,0.28,0.47,68.22,0.00,0.00
193,0.01,0.44,0.18,0.04,0.03,0.03,0.41,0.26,0.14,0.28,0.03,0.03,3.00,6.93,0.15,5.39,80.85,1.55,0.00
194,0.00,0.08,0.01,0.00,0.00,0.00,0.03,0.03,0.03,0.04,0.00,0.02,0.11,0.85,0.05,1.59,94.31,2.71,0.00
195,0.01,0.13,0.03,0.01,0.01,0.00,0.03,0.04,0.00,0.06,0.00,0.02,0.03,0.16,0.01,17.91,73.03,5.34,0.00
196,0.00,0.06,0.00,0.00,0.00,0.00,0.01,0.02,0.00,0.02,0.00,0.05,0.01,0.36,0.02,0.32,97.58,1.49,0.00
197,0.03,0.16,0.07,0.02,0.01,0.00,0.14,0.18,0.00,0.12,0.00,0.02,0.21,8.71,0.22,1.21,88.23,0.00,0.00
198,0.00,0.00,0.01,0.00,0.00,0.00,0.00,0.20,0.00,0.00,0.00,0.00,0.23,11.73,0.35,0.02,87.10,0.00,0.00
199,0.00,0.15,0.02,0.00,0.00,0.00,0.04,0.04,0.00,0.08,0.00,0.00,0.03,0.27,0.01,41.34,57.87,0.05,0.00
200,0.00,0.03,0.00,0.00,0.00,0.00,0.00,0.05,0.00,0.00,0.00,0.00,0.15,0.13,0.00,33.71,65.93,0.00,0.00
201,0.01,0.02,0.00,0.00,0.00,0.00,0.01,0.00,0.00,0.01,0.00,0.17,0.00,0.00,0.01,5.35,81.23,12.92,0.00
202,0.05,0.12,0.01,0.00,0.00,0.00,0.02,0.02,0.00,0.07,0.00,0.02,0.00,0.01,0.02,2.80,88.06,8.61,0.00
203,0.08,0.18,0.04,0.00,0.03,0.00,0.06,0.10,0.02,0.54,0.00,0.02,0.01,0.18,0.10,6.81,90.28,1.41,0.00
204,0.13,0.23,0.05,0.02,0.04,0.01,0.08,0.11,0.16,0.32,0.01,0.02,0.11,1.33,0.36,16.92,79.76,0.09,0.00
205,0.00,0.11,0.03,0.01,0.01,0.01,0.05,0.04,0.00,0.17,0.00,0.06,0.01,0.08,0.05,5.75,89.79,3.57,0.00
206,0.00,0.13,0.02,0.00,0.01,0.00,0.02,0.06,0.00,0.06,0.00,0.00,0.04,0.80,0.13,3.92,93.65,0.85,0.00
207,0.00,0.05,0.00,0.00,0.00,0.00,0.00,0.01,0.00,0.02,0.00,0.05,0.00,0.01,0.03,7.06,85.50,7.03,0.00
208,0.00,0.12,0.02,0.01,0.00,0.00,0.06,0.02,0.00,0.13,0.00,0.14,0.02,0.11,0.06,10.33,87.82,1.07,0.00
209,0.00,0.42,0.06,0.01,0.01,0.01,0.10,0.07,0.00,0.26,0.01,0.04,0.12,8.46,1.78,10.15,76.92,0.04,0.00
210,0.00,0.36,0.04,0.01,0.01,0.00,0.05,0.10,0.00,0.14,0.01,0.06,0.20,2.72,2.01,71.30,21.96,0.12,0.00
211,0.05,0.21,0.01,0.00,0.00,0.00,0.02,0.06,0.00,0.01,0.02,0.00,0.11,2.01,0.84,21.91,74.63,0.05,0.00
212,0.00,0.05,0.00,0.01,0.00,0.00,0.00,0.02,0.00,0.00,0.00,0.02,0.00,0.00,0.00,0.42,98.01,1.46,0.00
213,0.71,0.42,0.14,0.01,0.03,0.06,0.29,0.37,0.01,0.17,0.02,0.00,2.01,36.20,1.99,9.71,47.58,0.00,0.00
214,0.38,0.25,0.04,0.00,0.00,0.00,0.04,0.18,0.00,0.07,0.02,0.00,0.35,5.76,0.31,9.62,81.93,0.51,0.00
215,0.00,0.00,0.00,0.00,0.00,0.00,0.00,0.00,0.00,0.00,0.00,0.00,0.00,0.00,0.00,0.02,97.23,2.76,0.00
216,0.00,0.00,0.00,0.00,0.01,0.00,0.00,0.00,0.00,0.00,0.00,0.00,0.38,0.42,0.12,7.08,91.99,0.00,0.00
217,0.01,0.49,0.13,0.00,0.01,0.00,0.30,0.11,0.00,1.27,0.01,0.30,0.22,0.65,0.36,13.01,83.06,0.00,0.00
218,0.88,1.77,2.77,0.76,0.30,0.99,6.43,1.67,4.92,4.31,0.03,0.02,20.66,14.56,0.37,5.21,31.64,0.00,0.00
219,0.00,0.48,0.29,0.02,0.06,0.06,0.39,0.29,1.53,0.78,0.08,0.04,0.47,0.10,0.04,8.89,85.91,0.00,0.00
220,0.00,0.16,0.07,0.02,0.01,0.01,0.11,0.10,0.00,0.23,0.01,0.16,0.32,0.47,0.22,34.14,63.79,0.07,0.00
221,0.00,0.17,0.03,0.02,0.00,0.00,0.03,0.04,0.00,0.15,0.03,0.08,0.06,0.06,0.03,8.49,90.72,0.00,0.00
222,0.00,0.38,0.03,0.01,0.00,0.00,0.00,0.01,0.00,0.00,0.00,0.08,0.00,0.00,0.00,6.39,93.07,0.00,0.00
223,0.00,0.17,0.02,0.00,0.00,0.00,0.03,0.01,0.00,0.31,0.00,0.01,0.00,0.00,0.06,58.42,40.96,0.00,0.00
224,0.00,0.44,0.62,0.22,0.21,0.54,0.70,0.31,1.58,0.27,0.02,0.03,0.15,0.08,0.01,18.74,75.97,0.05,0.00
225,0.00,0.19,0.01,0.00,0.00,0.00,0.01,0.03,0.00,0.07,0.00,0.00,0.00,0.05,0.04,10.86,88.70,0.00,0.00
226,0.00,0.23,0.02,0.01,0.00,0.00,0.02,0.03,0.00,0.01,0.01,0.02,0.09,0.09,0.02,14.26,80.71,4.48,0.00
227,0.20,0.35,0.07,0.02,0.03,0.01,0.06,0.09,0.00,0.07,0.03,0.00,0.00,0.04,0.00,7.02,91.94,0.02,0.00
228,0.00,0.08,0.01,0.00,0.00,0.00,0.01,0.03,0.00,0.07,0.00,0.05,0.00,0.01,0.01,9.02,89.74,0.95,0.00
229,0.00,0.00,0.00,0.00,0.00,0.00,0.00,0.00,0.00,0.00,0.00,0.08,0.00,0.00,0.00,0.51,99.40,0.00,0.00
230,0.00,0.00,0.00,0.00,0.00,0.00,0.00,0.02,0.00,0.00,0.00,0.00,0.00,0.00,0.00,4.92,95.05,0.00,0.00
231,0.02,0.16,0.02,0.00,0.00,0.00,0.01,0.07,0.00,0.06,0.00,0.00,0.00,0.02,0.00,26.11,71.83,1.55,0.00
232,0.01,0.13,0.02,0.00,0.00,0.00,0.03,0.02,0.00,0.15,0.00,0.00,0.00,0.01,0.01,23.32,76.28,0.00,0.00
233,0.00,0.25,0.01,0.00,0.00,0.00,0.00,0.01,0.00,0.00,0.00,0.00,0.00,0.00,0.00,15.01,83.42,1.24,0.00
234,0.04,0.00,0.00,0.00,0.00,0.00,0.00,0.00,0.00,0.00,0.00,0.00,0.00,0.00,0.00,0.14,24.80,74.24,0.00
235,0.00,0.00,0.00,0.00,0.00,0.00,0.00,0.00,0.00,0.00,0.00,0.00,0.00,0.00,0.00,3.73,84.80,11.47,0.00
236,0.00,0.00,0.00,0.00,0.00,0.00,0.00,0.01,0.00,0.00,0.00,0.00,0.00,0.00,0.00,0.00,95.98,4.01,0.00
237,0.00,0.17,0.03,0.01,0.02,0.00,0.10,0.12,0.00,0.43,0.01,0.02,0.00,0.06,0.00,7.75,91.15,0.12,0.00
238,0.00,0.05,0.00,0.00,0.00,0.00,0.00,0.00,0.00,0.00,0.00,0.02,0.00,0.00,0.00,3.86,92.56,3.52,0.00
239,0.00,0.12,0.04,0.01,0.01,0.00,0.09,0.10,0.00,0.20,0.01,0.22,0.02,0.02,0.01,2.07,91.33,5.76,0.00
240,0.00,0.15,0.05,0.02,0.02,0.01,0.09,0.08,0.00,0.24,0.01,0.01,0.00,0.00,0.01,1.66,89.93,7.66,0.00
241,0.00,0.05,0.00,0.00,0.00,0.00,0.00,0.01,0.00,0.00,0.00,0.00,0.00,0.00,0.00,2.21,79.09,18.57,0.00
242,0.00,0.13,0.02,0.00,0.00,0.00,0.03,0.09,0.03,0.09,0.00,0.02,0.01,0.01,0.01,5.54,92.48,1.46,0.00
243,0.00,0.09,0.04,0.00,0.07,0.00,0.13,0.16,0.00,0.41,0.00,0.02,0.00,0.01,0.00,1.13,94.36,3.58,0.00
244,0.00,0.00,0.00,0.00,0.00,0.00,0.00,0.02,0.00,0.00,0.00,0.00,0.00,0.00,0.00,2.17,73.77,24.03,0.00
245,0.00,0.20,0.04,0.01,0.01,0.01,0.11,0.18,0.00,0.34,0.00,0.35,0.00,0.06,0.01,0.41,91.89,6.35,0.00
246,0.01,0.17,0.00,0.01,0.00,0.00,0.00,0.08,0.00,0.00,0.00,0.00,0.00,0.00,0.00,65.90,31.14,1.46,0.00
247,0.00,0.06,0.01,0.00,0.00,0.00,0.02,0.03,0.00,0.01,0.01,0.00,0.00,0.00,0.01,3.55,87.17,9.03,0.00
248,0.00,0.00,0.00,0.00,0.01,0.00,0.00,0.07,0.00,0.00,0.00,0.00,0.00,0.00,0.00,0.13,99.71,0.00,0.00
249,0.00,0.07,0.00,0.00,0.00,0.00,0.10,0.05,0.00,0.16,0.00,0.00,0.00,0.00,0.00,0.05,94.17,5.38,0.00
250,0.08,0.33,0.13,0.08,0.03,0.10,0.18,0.12,0.23,0.25,0.05,0.05,0.90,0.07,0.01,5.54,91.29,0.23,0.02
251,0.00,0.17,0.02,0.00,0.00,0.00,0.04,0.03,0.00,0.12,0.02,0.05,0.27,0.03,0.00,13.98,85.05,0.19,0.01
252,0.00,0.08,0.00,0.01,0.00,0.00,0.01,0.02,0.00,0.05,0.01,0.01,0.06,0.06,0.00,4.53,94.58,0.50,0.05
253,0.00,0.01,0.00,0.00,0.00,0.00,0.00,0.01,0.00,0.00,0.00,0.00,0.00,0.00,0.00,6.64,89.78,3.55,0.00
254,0.00,0.18,0.00,0.02,0.00,0.00,0.01,0.02,0.00,0.05,0.00,0.00,0.02,0.01,0.00,4.34,95.27,0.06,0.00
255,0.21,0.79,1.68,0.37,0.31,0.85,2.88,1.49,1.64,0.91,0.00,0.03,39.90,2.50,0.09,0.36,41.83,0.00,0.17
256,0.00,0.22,0.00,0.03,0.00,0.00,0.00,0.00,0.00,0.00,0.08,0.01,0.00,0.00,0.00,23.36,76.31,0.00,0.00
257,0.00,0.06,0.00,0.00,0.00,0.00,0.00,0.00,0.00,0.00,0.00,0.00,0.01,0.00,0.00,5.64,94.26,0.00,0.00
258,0.21,0.15,0.03,0.00,0.00,0.02,0.03,0.09,0.00,0.06,0.00,0.00,2.02,0.54,1.79,71.38,23.60,0.00,0.00
259,0.02,0.21,0.01,0.01,0.00,0.00,0.03,0.15,0.00,0.04,0.00,0.01,20.25,1.53,0.13,63.59,13.84,0.00,0.00
260,0.13,0.27,0.05,0.03,0.02,0.03,0.09,0.16,0.14,0.12,0.00,0.01,16.72,1.15,0.42,72.90,7.51,0.04,0.00
261,0.04,0.37,0.22,0.08,0.08,0.25,0.27,0.24,0.14,0.08,0.02,0.00,62.83,3.79,0.25,25.70,5.41,0.00,0.00
262,0.00,0.28,0.08,0.03,0.02,0.04,0.13,0.21,0.00,0.11,0.03,0.01,46.60,0.77,0.09,44.87,6.64,0.00,0.00
263,0.08,0.09,0.01,0.03,0.00,0.00,0.04,0.08,0.00,0.06,0.00,0.02,7.96,0.43,0.14,73.47,17.31,0.12,0.00
264,0.10,0.16,0.01,0.00,0.00,0.00,0.02,0.04,0.00,0.03,0.00,0.00,4.88,0.49,0.34,87.25,6.47,0.09,0.00
265,1.44,0.63,0.18,0.05,0.03,0.10,0.24,0.33,0.00,0.12,0.03,0.01,38.61,2.25,0.75,41.71,10.95,0.07,0.00
266,0.01,0.38,0.22,0.09,0.05,0.21,0.30,0.35,0.25,0.20,0.04,0.03,49.45,0.92,0.15,35.60,11.44,0.00,0.00
267,0.00,0.14,0.02,0.05,0.01,0.01,0.03,0.09,0.00,0.03,0.00,0.08,6.53,0.50,0.01,38.32,54.07,0.07,0.00
268,0.00,0.29,0.18,0.16,0.03,0.16,0.28,0.18,0.66,0.26,0.02,0.06,7.57,0.84,0.01,37.65,51.64,0.00,0.00
269,0.01,1.56,3.18,0.74,1.65,2.67,5.58,1.63,6.13,2.07,0.15,0.20,23.38,11.89,2.02,19.43,13.60,0.00,0.00
270,0.05,0.19,0.03,0.04,0.01,0.01,0.10,0.14,0.00,0.15,0.01,0.01,7.28,0.47,0.35,73.22,17.62,0.03,0.00
271,0.01,0.34,0.08,0.04,0.01,0.01,0.18,0.22,0.00,0.18,0.02,0.01,20.03,0.55,0.25,31.47,46.31,0.00,0.00
272,0.00,0.14,0.01,0.02,0.01,0.00,0.03,0.08,0.00,0.05,0.00,0.01,2.89,0.10,0.12,26.65,69.58,0.00,0.00
273,0.00,0.22,0.02,0.00,0.00,0.01,0.06,0.07,0.03,0.15,0.01,0.06,1.20,0.03,0.00,52.22,45.55,0.00,0.00
274,0.05,0.28,0.09,0.08,0.03,0.08,0.16,0.17,0.17,0.19,0.03,0.00,6.99,0.70,0.62,81.03,9.03,0.00,0.00
275,0.00,0.02,0.00,0.00,0.00,0.00,0.00,0.01,0.00,0.01,0.00,0.00,0.17,0.03,0.08,48.23,51.43,0.00,0.00
276,0.00,0.06,0.00,0.00,0.00,0.00,0.00,0.01,0.00,0.00,0.00,0.00,0.10,0.09,0.03,42.93,56.76,0.00,0.00
277,0.00,0.17,0.01,0.01,0.01,0.00,0.02,0.03,0.02,0.06,0.01,0.00,0.06,0.05,0.13,22.44,76.91,0.03,0.00
278,0.00,0.61,0.26,0.06,0.10,0.00,0.15,1.13,0.00,1.04,0.03,0.01,0.15,0.20,2.35,44.90,48.98,0.00,0.00
279,0.00,0.52,0.93,0.21,0.31,0.67,1.29,0.55,2.55,0.19,0.08,0.02,0.62,0.24,2.99,80.58,8.18,0.00,0.00
280,0.01,0.09,0.06,0.00,0.02,0.02,0.08,0.12,0.00,0.19,0.02,0.00,3.04,0.46,0.12,67.69,26.99,0.00,0.00
281,0.00,0.30,0.03,0.00,0.01,0.01,0.06,0.02,0.00,0.22,0.01,0.02,0.34,0.11,0.11,83.50,14.94,0.00,0.00
282,0.00,0.02,0.00,0.00,0.00,0.00,0.00,0.00,0.00,0.00,0.00,0.00,0.00,0.00,0.00,22.71,77.17,0.00,0.00
283,0.00,0.18,0.01,0.00,0.00,0.00,0.02,0.02,0.00,0.03,0.02,0.02,0.33,0.04,0.03,58.88,40.12,0.00,0.00
284,0.00,0.21,0.01,0.00,0.00,0.00,0.01,0.04,0.00,0.03,0.00,0.01,0.22,0.01,0.01,79.73,19.70,0.00,0.00
285,0.00,0.48,0.05,0.00,0.00,0.00,0.08,0.24,0.00,0.40,0.00,0.03,3.67,0.29,0.12,67.13,26.71,0.00,0.00
286,0.00,0.12,0.00,0.00,0.00,0.00,0.00,0.01,0.00,0.00,0.00,0.01,0.08,0.01,0.01,37.02,62.74,0.00,0.00
287,0.02,0.30,0.11,0.03,0.02,0.07,0.21,0.26,0.00,0.11,0.00,0.00,42.19,2.98,3.38,43.42,5.72,0.00,0.00
288,0.12,0.25,0.05,0.01,0.01,0.02,0.11,0.18,0.00,0.08,0.00,0.00,47.00,1.41,1.11,44.37,4.46,0.11,0.00
289,0.31,0.37,0.17,0.08,0.05,0.13,0.35,0.31,0.00,0.33,0.02,0.00,57.63,1.26,0.63,32.01,4.92,0.23,0.00
290,0.04,0.46,0.32,0.19,0.08,0.30,0.62,0.44,0.22,0.37,0.01,0.00,58.79,2.33,3.09,25.51,6.04,0.00,0.00
291,0.22,0.21,0.06,0.01,0.01,0.01,0.14,0.22,0.00,0.08,0.00,0.00,31.12,2.40,3.53,56.98,4.54,0.00,0.00
292,0.12,0.39,0.16,0.05,0.03,0.06,0.29,0.26,0.00,0.13,0.03,0.00,78.80,1.28,1.57,12.08,4.24,0.00,0.00
293,2.49,0.99,0.47,0.14,0.07,0.26,0.57,0.44,0.00,0.22,0.03,0.04,64.43,2.77,3.20,12.23,9.29,0.16,0.00
294,0.01,0.46,0.28,0.15,0.05,0.18,0.45,0.45,0.47,0.23,0.03,0.01,36.94,1.13,1.04,18.87,38.87,0.00,0.00
295,0.00,0.40,0.23,0.21,0.06,0.17,0.53,0.34,0.34,0.37,0.01,0.00,17.42,1.30,6.33,39.51,31.61,0.00,0.00
296,0.00,0.30,0.08,0.05,0.03,0.04,0.20,0.29,0.00,0.24,0.01,0.01,6.23,0.51,0.51,22.37,68.81,0.00,0.00
297,0.00,0.09,0.03,0.30,0.03,0.00,0.16,0.12,0.16,1.59,0.00,0.00,8.98,0.38,0.70,17.49,63.24,4.16,0.00
298,0.03,0.25,0.05,0.04,0.01,0.02,0.12,0.27,0.00,0.09,0.01,0.00,30.31,0.97,1.64,43.98,21.48,0.00,0.00
299,0.01,0.29,0.19,0.26,0.04,0.22,0.25,0.29,0.02,0.39,0.01,0.02,55.64,0.85,0.25,6.01,34.69,0.00,0.00
300,0.00,0.21,0.00,0.08,0.00,0.00,0.00,0.11,0.00,0.00,0.00,0.11,13.58,0.35,1.85,75.67,7.54,0.00,0.00
301,0.00,0.77,0.81,0.30,0.21,0.82,1.07,0.65,1.01,0.82,0.04,0.01,22.49,4.80,5.45,43.09,15.92,0.06,0.00
302,4.54,0.01,0.00,0.00,0.13,0.00,0.00,0.17,0.00,0.00,0.00,0.06,2.58,0.20,0.29,7.25,55.76,0.00,0.00
303,0.00,0.33,0.08,0.04,0.02,0.03,0.18,0.22,0.00,0.18,0.01,0.00,24.13,0.54,0.90,56.13,16.41,0.09,0.00
304,0.00,0.00,0.01,0.01,0.00,0.00,0.00,0.25,0.00,0.00,0.00,0.39,4.88,0.07,1.25,79.75,12.72,0.00,0.00
305,0.09,0.34,0.10,0.10,0.03,0.07,0.25,0.26,0.00,0.24,0.00,0.01,13.09,9.20,5.94,59.88,8.10,0.79,0.00
306,0.01,0.50,0.24,0.11,0.08,0.10,0.75,0.77,1.08,1.05,0.01,0.01,3.06,11.21,4.62,23.94,50.09,0.11,0.00
307,0.33,0.66,0.90,0.37,0.39,0.47,2.30,1.17,2.49,2.31,0.02,0.01,4.70,13.06,13.44,20.53,30.58,0.00,0.00
308,0.00,0.37,0.15,0.09,0.03,0.03,0.40,0.62,0.08,0.74,0.01,0.06,4.02,3.96,6.44,34.02,47.71,0.00,0.00
309,0.02,0.99,1.07,0.75,0.46,1.04,1.80,1.22,1.70,1.20,0.06,0.05,7.15,10.88,12.87,37.80,18.48,0.00,0.00
310,0.00,0.38,0.19,0.26,0.05,0.05,0.45,0.48,0.37,0.45,0.01,0.03,3.14,1.79,2.47,38.37,50.59,0.00,0.00
311,0.00,0.16,0.04,0.03,0.00,0.00,0.14,0.32,0.00,1.28,0.00,0.00,1.80,0.21,5.38,32.02,54.89,0.00,0.00
312,0.00,0.54,0.30,0.13,0.05,0.16,0.50,0.50,0.00,0.36,0.05,0.14,3.41,12.36,7.42,30.77,42.27,0.08,0.00
313,0.00,0.31,0.16,0.08,0.05,0.10,0.41,0.56,0.00,0.87,0.00,0.01,11.56,2.36,5.42,47.88,29.23,0.00,0.00
314,0.00,0.48,0.03,0.00,0.00,0.00,0.08,0.13,0.00,0.03,0.12,0.51,1.43,1.74,0.78,5.03,88.53,0.00,0.00
315,0.42,1.28,1.53,1.07,0.43,0.51,4.53,5.07,1.51,3.52,0.07,0.03,18.92,26.54,1.58,0.34,31.81,0.00,0.00
316,0.53,2.31,3.13,1.75,0.57,0.91,8.14,4.35,3.26,3.85,0.03,0.20,11.21,24.59,1.01,0.38,30.97,0.18,0.00
317,0.18,0.37,0.57,0.71,0.61,0.11,1.72,3.82,0.01,3.07,0.13,0.05,2.04,8.02,0.87,0.36,73.84,2.13,0.00
318,0.21,0.61,0.64,0.82,0.70,0.23,3.14,3.57,0.02,5.83,0.07,0.13,1.37,6.53,0.55,0.35,69.44,5.28,0.00
319,0.29,0.57,0.88,0.18,0.48,0.25,7.56,3.85,5.21,7.67,0.03,0.21,0.26,2.84,0.23,0.04,67.30,0.04,0.00
320,0.60,2.01,3.93,1.10,1.44,5.34,11.83,2.98,8.03,8.06,0.05,0.14,0.11,0.95,0.13,0.07,49.81,0.14,0.00
321,0.91,1.13,1.97,2.28,0.70,0.96,8.67,3.68,5.80,2.15,0.04,0.16,2.96,9.65,0.62,2.80,54.03,0.21,0.00
322,0.60,1.33,0.72,0.71,0.14,0.69,2.15,1.98,1.15,1.69,0.23,0.31,0.30,3.57,0.59,0.27,81.14,0.00,0.00
323,0.51,1.09,0.75,0.33,0.19,0.24,1.26,2.38,0.01,0.57,0.01,0.06,3.12,21.57,1.59,0.92,64.54,0.00,0.00
324,0.00,0.26,0.05,0.02,0.01,0.00,0.09,0.12,0.00,0.10,0.00,0.01,0.38,0.17,0.09,2.41,96.14,0.03,0.00
325,0.00,0.25,0.08,0.02,0.09,0.00,0.49,0.55,0.00,1.11,0.02,0.04,0.37,0.43,0.30,9.25,84.32,0.00,0.00
326,0.00,0.24,0.25,0.06,0.08,0.02,0.68,0.98,1.06,0.84,0.00,0.12,0.23,0.24,0.31,4.35,89.45,0.18,0.00
327,0.00,0.18,0.03,0.07,0.00,0.00,0.05,0.12,0.00,0.06,0.00,0.01,0.12,0.00,0.00,1.71,97.61,0.00,0.00
328,0.10,0.39,0.11,0.01,0.02,0.01,0.30,0.51,0.00,0.27,0.00,0.00,12.77,2.61,1.09,13.03,68.64,0.00,0.00
329,0.00,0.31,0.03,0.34,0.01,0.00,0.14,0.11,0.00,0.22,0.00,0.01,0.04,0.02,0.01,12.00,86.62,0.00,0.00
330,0.07,0.23,0.08,0.05,0.01,0.02,0.16,0.28,0.03,0.22,0.00,0.03,3.06,6.15,0.75,12.33,76.27,0.00,0.00
331,0.13,1.10,1.84,0.45,0.12,1.05,2.17,1.21,1.32,3.38,0.00,0.01,18.36,6.17,0.20,8.75,42.29,0.03,1.55
332,0.16,1.15,1.57,0.76,0.40,1.41,2.36,1.21,2.42,1.36,0.03,0.04,18.87,20.56,11.20,17.19,17.80,0.01,0.00
333,0.33,0.49,0.23,0.07,0.04,0.01,0.55,0.64,0.00,0.23,0.00,0.01,4.41,49.37,5.73,2.25,35.27,0.00,0.00
334,2.64,0.37,0.14,0.29,0.02,0.00,0.09,0.52,1.87,0.20,0.07,0.11,31.03,28.31,2.84,6.11,20.22,0.00,0.00
335,2.00,0.44,0.23,0.07,0.04,0.04,0.75,0.96,0.21,0.80,0.02,0.01,4.03,44.11,5.36,3.08,33.72,0.00,0.00
336,0.78,0.41,0.17,0.09,0.03,0.02,0.36,0.61,0.10,0.20,0.01,0.17,3.93,28.38,5.37,2.69,56.18,0.00,0.00
337,0.92,0.60,0.52,0.07,0.02,0.00,0.28,0.64,0.03,0.23,0.00,0.01,3.94,48.17,8.66,2.00,33.49,0.00,0.00
338,1.31,0.92,0.58,0.21,0.04,0.13,1.16,0.86,0.02,0.48,0.05,0.00,7.22,64.06,2.35,0.40,19.34,0.00,0.00
339,0.02,0.33,0.17,0.07,0.04,0.00,0.00,1.87,0.00,0.00,0.00,0.07,0.69,5.05,1.21,0.06,88.61,0.00,0.00
340,14.90,0.20,0.12,0.04,0.01,0.01,0.22,0.32,0.00,0.10,0.00,0.04,21.22,27.38,2.62,1.99,27.79,0.00,0.00
341,2.72,0.99,1.73,0.89,0.27,1.17,2.64,1.03,2.61,1.32,0.03,0.03,32.82,31.10,1.13,0.96,17.48,0.05,0.00
342,1.37,0.53,0.52,0.39,0.11,0.49,0.68,0.47,0.30,0.31,0.04,0.03,40.34,15.33,1.40,2.07,35.40,0.03,0.00
343,13.03,0.29,0.37,0.29,0.09,0.06,0.58,0.73,0.11,0.92,0.02,0.03,10.37,28.33,2.30,0.95,38.65,0.00,0.00
344,0.27,0.14,0.02,0.01,0.00,0.00,0.05,0.23,0.00,0.05,0.00,0.01,1.56,6.86,3.02,41.88,45.82,0.00,0.00
345,0.27,0.54,1.01,0.20,0.10,0.27,2.13,1.45,1.25,1.07,0.00,0.13,57.67,14.36,0.82,2.52,15.48,0.00,0.00
346,0.30,1.44,1.87,0.73,0.35,0.70,3.11,1.95,2.57,2.32,0.05,0.00,46.76,9.52,0.39,2.61,22.39,0.29,0.38
347,55.17,0.06,0.10,0.39,0.04,0.16,0.06,0.18,0.18,0.03,0.04,0.02,1.89,1.78,0.02,0.00,13.63,0.02,0.00
348,39.38,0.45,0.69,0.75,0.22,0.37,1.42,0.95,0.61,2.22,0.36,0.10,1.80,3.70,0.41,2.14,35.31,0.31,0.00
349,7.90,0.17,0.34,0.81,0.24,0.02,0.77,0.30,1.44,0.88,0.21,0.01,1.18,0.35,1.93,2.81,77.18,0.00,0.04
350,2.80,1.07,1.13,0.41,0.20,0.77,2.47,2.35,0.49,0.48,0.00,0.00,56.15,25.27,0.28,0.16,5.23,0.00,0.00
351,4.82,0.53,0.34,0.24,0.05,0.09,0.97,0.81,0.40,1.49,0.02,0.04,1.13,13.28,1.43,0.56,71.65,0.21,0.00
352,42.94,0.22,0.05,0.08,0.02,0.00,0.08,0.26,0.13,0.27,0.01,0.04,1.14,5.57,0.62,0.13,41.89,0.53,0.00
353,7.00,0.40,0.19,0.20,0.04,0.07,0.82,0.64,0.50,1.24,0.03,0.04,2.93,8.99,0.74,0.73,72.88,0.79,0.00
354,1.23,0.48,0.16,0.04,0.02,0.02,0.47,0.51,0.00,0.56,0.00,0.04,0.54,28.41,5.69,5.33,55.44,0.04,0.00
355,3.60,0.35,0.20,0.14,0.04,0.01,0.48,0.90,0.09,0.91,0.01,0.03,0.38,6.33,1.11,0.49,76.85,4.77,0.00
356,5.70,0.40,0.35,0.18,0.10,0.00,1.05,1.49,0.86,1.48,0.01,0.04,1.72,6.58,1.30,0.48,76.12,1.45,0.00
357,10.28,0.88,0.48,0.35,0.07,0.32,0.69,0.54,0.46,0.25,0.00,0.01,29.58,27.09,1.13,1.38,20.74,0.04,0.00
358,1.20,0.82,0.12,0.19,0.02,0.00,0.39,0.51,0.00,0.49,0.05,0.10,1.47,32.95,3.23,1.91,55.95,0.15,0.00
359,0.01,0.29,0.04,0.01,0.02,0.01,0.12,0.47,0.00,0.36,0.00,0.01,0.15,8.23,1.76,0.52,86.23,0.12,0.00
360,0.00,0.38,0.21,0.06,0.11,0.12,0.53,0.57,0.01,2.25,0.01,0.06,0.17,5.33,0.89,0.21,85.57,0.75,0.00
361,0.02,0.31,0.04,0.01,0.05,0.00,0.21,0.83,0.10,1.03,0.00,0.02,0.16,11.32,1.80,0.59,78.53,0.06,0.00
362,0.12,0.31,0.24,0.17,0.11,0.28,0.56,0.39,1.13,0.59,0.00,0.01,0.40,6.77,1.12,0.99,85.63,0.01,0.00
363,0.00,0.11,0.00,0.00,0.00,0.00,0.00,0.29,0.00,0.00,0.00,0.00,0.01,1.47,0.91,1.58,94.85,0.28,0.00
364,0.16,0.57,0.07,0.01,0.00,0.00,0.16,0.47,0.00,0.12,0.00,0.00,0.67,30.00,3.22,2.72,61.23,0.00,0.00
365,0.01,0.07,0.00,0.03,0.02,0.00,0.01,0.32,0.00,0.09,0.00,0.01,0.30,6.57,1.60,0.71,89.88,0.00,0.00
366,4.09,0.36,0.34,0.19,0.16,0.02,0.42,0.36,0.60,0.24,0.00,0.09,24.66,32.47,1.23,0.95,20.93,0.00,0.00
367,0.28,0.40,0.13,0.03,0.03,0.00,0.31,0.95,0.03,0.45,0.00,0.01,1.74,36.06,2.53,0.52,54.68,0.10,0.00
368,1.05,0.75,0.47,0.21,0.07,0.13,1.22,0.96,0.26,0.80,0.01,0.11,1.27,44.04,4.95,2.07,37.75,0.04,0.00
369,0.16,0.45,0.13,0.14,0.04,0.04,0.48,0.44,0.00,1.15,0.00,0.01,0.96,18.08,6.92,13.45,53.31,0.00,0.00
370,0.04,0.16,0.01,0.00,0.00,0.00,0.01,0.22,0.00,0.04,0.00,0.00,0.14,10.48,1.22,0.37,86.60,0.70,0.00
371,0.05,0.19,0.06,0.02,0.03,0.02,0.15,0.52,0.22,0.28,0.00,0.02,0.23,14.11,1.68,0.53,80.63,0.03,0.00
372,0.15,0.68,0.48,0.17,0.10,0.15,1.23,1.02,0.43,0.77,0.01,0.09,4.31,57.20,2.80,0.46,28.54,0.02,0.00
373,0.05,0.22,0.06,0.01,0.04,0.00,0.15,0.72,0.01,0.63,0.00,0.01,0.29,21.23,3.09,0.90,70.13,0.59,0.00
374,0.02,0.22,0.11,0.01,0.03,0.00,0.18,0.67,0.00,0.69,0.00,0.01,0.21,16.60,2.32,0.55,74.11,0.11,0.00
375,0.04,0.42,0.15,0.03,0.04,0.01,0.42,0.57,0.00,0.67,0.00,0.01,0.86,33.72,3.22,0.75,58.80,0.04,0.00
376,0.28,0.24,0.06,0.13,0.05,0.00,0.29,0.67,0.00,2.15,0.01,0.02,1.72,14.71,2.73,0.46,74.06,0.06,0.00
377,0.04,0.37,0.18,0.05,0.03,0.05,0.54,0.65,0.00,0.57,0.03,0.24,0.62,16.55,0.99,0.72,77.76,0.17,0.00
378,0.11,0.25,0.04,0.02,0.02,0.00,0.12,0.55,0.00,0.39,0.03,0.06,0.58,9.19,1.43,0.57,86.17,0.08,0.00
379,0.13,0.16,0.02,0.00,0.00,0.00,0.06,0.22,0.00,0.18,0.00,0.01,0.17,6.09,0.84,0.31,91.09,0.42,0.00
380,0.08,0.73,0.51,0.20,0.17,0.06,2.10,1.02,3.07,4.22,0.00,0.07,3.29,18.71,1.36,0.54,63.11,0.09,0.00
381,0.52,0.31,0.10,0.01,0.03,0.04,0.31,0.54,0.00,0.47,0.00,0.01,1.17,9.93,1.18,0.42,83.32,0.16,0.00
382,0.10,0.35,0.11,0.01,0.02,0.02,0.40,0.48,0.00,0.33,0.00,0.00,18.97,50.17,1.75,0.20,26.89,0.00,0.00
383,1.30,3.96,5.82,3.15,1.97,8.21,13.10,4.54,3.71,1.94,0.06,0.26,10.68,13.54,0.69,0.39,17.88,0.01,0.00
384,0.42,1.65,1.91,1.00,0.90,1.04,4.04,1.97,0.74,0.77,0.03,0.07,33.98,31.52,1.04,0.37,14.74,0.42,0.00
385,0.20,1.54,2.02,0.74,0.48,1.05,5.09,1.87,0.89,0.67,0.01,0.02,29.24,44.20,0.78,0.33,10.00,0.05,0.00
386,0.06,0.32,0.34,0.08,0.15,0.17,1.81,1.89,0.76,1.24,0.00,0.01,6.84,16.59,1.62,0.84,66.50,0.12,0.00
387,0.99,0.37,0.10,0.03,0.04,0.04,0.39,0.36,0.00,0.19,0.00,0.02,26.88,46.47,2.02,1.04,20.07,0.06,0.00
388,0.18,0.81,0.60,0.37,0.17,0.57,1.36,0.70,0.75,0.55,0.03,0.05,15.11,42.63,4.10,14.49,15.51,0.02,0.00
389,1.14,0.63,0.57,0.32,0.29,0.68,1.35,0.77,0.91,0.44,0.01,0.05,26.05,49.51,1.00,1.41,13.88,0.01,0.00
390,3.11,0.48,0.23,0.08,0.05,0.12,0.64,0.47,0.00,0.19,0.04,0.21,31.00,44.81,1.09,0.54,15.64,0.13,0.00
391,0.88,0.58,0.23,0.07,0.04,0.07,0.60,0.49,0.10,0.27,0.01,0.03,42.68,36.12,0.99,0.43,15.90,0.01,0.00
392,0.02,0.33,0.02,0.00,0.00,0.00,0.00,0.06,0.00,0.00,0.00,0.00,0.00,0.05,0.04,6.69,45.38,44.03,0.09
393,0.00,0.01,0.00,0.00,0.00,0.00,0.00,0.00,0.00,0.00,0.00,0.00,0.00,0.00,0.00,0.78,32.65,66.11,0.01
394,0.01,0.07,0.01,0.00,0.00,0.00,0.02,0.03,0.00,0.03,0.00,0.00,0.01,0.06,0.01,0.01,67.13,30.64,0.01
395,0.01,0.00,0.00,0.00,0.00,0.00,0.00,0.00,0.00,0.00,0.01,0.00,0.00,0.08,0.01,4.96,48.39,46.39,0.00
396,0.02,0.00,0.00,0.00,0.00,0.00,0.00,0.00,0.00,0.00,0.00,0.00,0.00,0.00,0.00,0.00,17.29,82.46,0.00
397,0.68,0.11,0.02,0.00,0.00,0.00,0.04,0.16,0.00,0.02,0.00,0.00,30.52,7.32,2.02,45.78,6.03,0.20,0.00
398,1.72,0.22,0.16,0.02,0.04,0.09,0.20,0.24,0.22,0.08,0.00,0.00,19.42,12.16,0.45,43.84,8.84,0.33,0.00
399,0.28,0.20,0.07,0.04,0.01,0.01,0.11,0.23,0.05,0.07,0.00,0.01,50.23,5.26,0.18,35.43,4.87,0.00,0.00
400,0.22,0.14,0.01,0.01,0.00,0.00,0.01,0.16,0.00,0.09,0.00,0.00,45.36,2.10,0.75,40.79,5.99,0.00,0.00
401,0.21,0.17,0.03,0.00,0.00,0.00,0.06,0.16,0.00,0.01,0.00,0.00,35.46,37.16,6.37,15.22,2.13,0.00,0.00
402,0.08,0.22,0.06,0.01,0.01,0.01,0.09,0.19,0.00,0.05,0.01,0.00,44.44,12.98,2.74,34.30,3.21,0.00,0.00
403,0.26,0.32,0.06,0.01,0.01,0.00,0.15,0.22,0.00,0.05,0.01,0.00,34.77,6.86,12.82,39.44,4.73,0.00,0.00
404,0.90,0.14,0.03,0.00,0.02,0.00,0.06,0.14,0.00,0.07,0.00,0.00,7.65,3.71,4.84,55.80,17.39,0.00,0.00
405,0.15,0.16,0.01,0.01,0.00,0.00,0.02,0.16,0.00,0.04,0.00,0.00,52.06,1.06,0.32,39.59,5.87,0.00,0.01
406,0.09,0.12,0.02,0.00,0.01,0.01,0.02,0.07,0.00,0.05,0.01,0.01,18.51,0.83,0.27,69.76,9.67,0.01,0.01
407,0.01,0.11,0.02,0.00,0.00,0.00,0.00,0.16,0.00,0.01,0.00,0.00,53.46,0.16,1.18,38.25,5.76,0.00,0.11
408,0.15,0.00,0.00,0.00,0.00,0.00,0.00,0.05,0.00,0.00,0.00,0.00,10.56,0.23,0.30,77.76,10.05,0.00,0.30
409,0.05,0.06,0.00,0.00,0.00,0.00,0.00,0.03,0.00,0.00,0.00,0.00,14.79,0.26,0.18,76.87,7.63,0.00,0.04
410,0.01,0.00,0.00,0.00,0.00,0.00,0.00,0.16,0.00,0.00,0.00,0.00,49.09,0.21,0.81,45.75,3.43,0.00,0.18
411,0.10,0.26,0.07,0.04,0.02,0.06,0.09,0.22,0.02,0.14,0.02,0.01,62.53,0.67,0.68,27.53,6.69,0.01,0.00
412,0.11,0.18,0.05,0.01,0.00,0.01,0.12,0.22,0.00,0.06,0.02,0.01,34.55,3.98,6.29,48.62,5.51,0.03,0.00
413,0.47,0.23,0.03,0.00,0.00,0.01,0.05,0.07,0.00,0.10,0.01,0.00,1.36,0.75,1.72,77.42,16.64,0.02,0.04
414,0.34,0.14,0.00,0.00,0.00,0.00,0.01,0.07,0.00,0.00,0.00,0.00,16.72,1.51,1.50,58.54,20.74,0.00,0.01
415,0.01,0.15,0.03,0.01,0.00,0.00,0.05,0.15,0.00,0.05,0.00,0.02,29.92,7.86,1.03,54.43,5.76,0.00,0.00
416,0.07,0.08,0.00,0.01,0.00,0.00,0.01,0.01,0.00,0.04,0.00,0.00,1.31,0.38,0.90,75.24,20.61,0.02,0.00
417,0.45,0.15,0.05,0.02,0.01,0.03,0.07,0.09,0.02,0.08,0.01,0.02,5.84,1.21,0.66,66.71,14.35,0.09,0.00
418,0.00,0.01,0.00,0.00,0.00,0.00,0.00,0.01,0.00,0.00,0.00,0.00,0.93,0.39,0.41,46.62,51.57,0.00,0.00
419,0.06,0.09,0.01,0.00,0.00,0.00,0.01,0.02,0.00,0.00,0.00,0.01,2.07,0.64,1.18,79.52,16.15,0.00,0.00
420,0.04,0.23,0.02,0.00,0.00,0.00,0.03,0.10,0.00,0.06,0.01,0.00,18.05,2.19,1.97,73.37,3.05,0.17,0.00
421,0.41,0.24,0.07,0.07,0.02,0.03,0.11,0.10,0.11,0.10,0.02,0.05,5.01,1.57,2.58,73.63,15.12,0.00,0.00
422,0.12,0.06,0.00,0.00,0.00,0.00,0.00,0.03,0.00,0.00,0.00,0.01,2.68,0.16,1.55,57.24,34.60,3.15,0.00
423,0.72,0.16,0.03,0.00,0.00,0.00,0.03,0.16,0.00,0.08,0.00,0.00,10.58,2.17,6.47,73.75,5.51,0.00,0.00
424,0.07,0.10,0.00,0.00,0.00,0.00,0.01,0.02,0.00,0.03,0.00,0.00,5.03,2.43,0.39,89.16,2.21,0.00,0.00
425,0.01,0.11,0.00,0.00,0.00,0.00,0.00,0.01,0.00,0.00,0.00,0.00,0.84,2.07,0.99,90.28,5.09,0.00,0.00
426,0.31,0.02,0.00,0.00,0.00,0.00,0.00,0.00,0.00,0.00,0.00,0.00,2.05,0.13,0.06,43.04,51.50,0.18,0.00
427,0.00,0.24,0.04,0.00,0.01,0.03,0.03,0.11,0.00,0.04,0.06,0.00,32.55,3.48,1.02,51.48,10.84,0.00,0.00
428,0.17,0.16,0.05,0.02,0.02,0.02,0.08,0.07,0.03,0.04,0.00,0.02,6.85,1.16,0.73,67.88,22.48,0.01,0.00
429,0.09,0.20,0.02,0.00,0.00,0.00,0.03,0.04,0.00,0.04,0.01,0.00,17.04,1.42,0.45,61.63,18.75,0.05,0.00
430,0.10,0.07,0.00,0.00,0.00,0.00,0.00,0.02,0.00,0.00,0.00,0.04,0.61,0.24,0.29,21.11,77.44,0.01,0.00
431,0.68,0.28,0.08,0.01,0.03,0.01,0.23,0.13,0.00,0.17,0.02,0.32,0.78,1.75,2.38,57.57,35.12,0.00,0.00
432,0.37,0.18,0.01,0.00,0.00,0.00,0.06,0.11,0.00,0.08,0.00,0.00,4.12,1.55,3.25,49.25,35.86,2.33,0.00
433,0.01,0.07,0.01,0.00,0.00,0.00,0.02,0.04,0.00,0.07,0.00,0.00,1.23,1.24,0.52,52.41,44.23,0.00,0.00
434,0.03,0.33,0.05,0.01,0.01,0.04,0.11,0.11,0.00,0.23,0.03,0.00,1.39,4.66,1.96,55.75,35.07,0.00,0.00
435,0.00,0.04,0.00,0.00,0.00,0.00,0.00,0.02,0.00,0.00,0.00,0.00,0.30,0.23,0.15,60.69,37.96,0.53,0.00
436,0.19,0.03,0.00,0.00,0.00,0.00,0.00,0.03,0.00,0.05,0.00,0.00,3.59,1.07,0.67,44.50,49.41,0.00,0.00
437,0.34,0.17,0.04,0.02,0.01,0.02,0.05,0.06,0.02,0.06,0.00,0.29,0.24,0.25,0.47,75.29,22.50,0.02,0.00
438,0.22,0.31,0.11,0.14,0.04,0.08,0.39,0.18,0.40,0.20,0.18,0.02,0.18,0.89,0.20,51.87,44.51,0.00,0.00
439,1.06,0.13,0.01,0.00,0.00,0.00,0.01,0.05,0.00,0.02,0.00,0.00,4.65,0.87,0.50,89.80,2.40,0.11,0.00
440,2.19,0.13,0.00,0.00,0.00,0.00,0.00,0.01,0.00,0.00,0.00,0.00,0.19,0.14,0.17,89.30,4.43,0.00,0.00
441,3.25,0.20,0.03,0.00,0.00,0.01,0.05,0.12,0.00,0.06,0.01,0.00,13.71,6.45,3.38,66.84,5.47,0.00,0.00
442,4.51,0.09,0.00,0.00,0.00,0.00,0.00,0.01,0.00,0.03,0.00,0.00,0.15,0.17,0.13,89.60,2.87,0.04,0.00
443,0.18,0.80,0.88,0.25,0.18,0.06,2.33,1.97,2.84,4.81,0.02,0.07,0.98,12.02,0.73,1.09,67.77,0.01,0.00
444,0.68,1.30,1.29,0.45,0.28,0.30,3.22,1.72,2.24,3.63,0.03,0.09,2.26,17.84,0.85,1.59,60.05,0.05,0.00
445,0.49,0.71,0.43,0.11,0.07,0.02,1.02,1.17,0.29,1.97,0.03,0.04,1.80,18.98,1.17,1.48,67.60,0.04,0.00
446,0.09,0.46,0.13,0.02,0.02,0.00,0.27,0.63,0.00,1.25,0.00,0.01,0.25,5.42,0.21,0.40,90.30,0.00,0.00
447,0.55,1.01,0.73,0.24,0.16,0.14,1.91,1.54,1.37,3.14,0.02,0.02,1.75,22.71,1.87,1.15,60.29,0.16,0.00
448,2.41,0.91,0.67,0.15,0.13,0.08,1.25,1.17,1.32,1.22,0.02,0.04,3.78,14.46,1.38,1.15,67.96,0.00,0.00
449,2.38,1.21,1.21,0.37,0.27,0.26,2.63,1.13,2.07,3.21,0.08,0.03,2.02,11.55,0.79,1.25,67.64,0.00,0.00
450,0.46,0.64,0.19,0.06,0.09,0.00,0.51,0.75,0.00,1.65,0.00,0.01,0.81,10.26,0.42,0.60,82.66,0.00,0.00
451,0.05,1.21,0.74,0.55,0.13,0.00,2.76,1.48,0.54,4.77,0.25,0.09,1.68,15.28,0.63,1.08,67.83,0.00,0.00
452,0.10,0.07,0.01,0.04,0.00,0.00,0.00,0.20,0.00,0.01,0.01,0.00,47.52,10.07,4.69,6.06,30.67,0.00,0.00
453,0.97,0.13,0.05,0.00,0.04,0.00,0.08,0.56,0.00,0.17,0.01,0.00,10.44,11.04,2.36,5.34,55.46,0.00,0.00
454,1.89,0.32,0.16,0.04,0.03,0.09,0.16,0.27,0.00,0.04,0.00,0.00,63.59,10.54,0.90,7.04,5.91,0.00,0.00
455,2.72,0.22,0.05,0.01,0.00,0.00,0.07,0.21,0.00,0.05,0.01,0.00,26.26,21.82,1.10,31.16,12.77,0.00,0.00
456,2.81,0.34,0.09,0.01,0.01,0.01,0.18,0.24,0.00,0.08,0.00,0.02,73.94,6.57,0.99,1.39,6.55,0.01,0.00
457,1.53,0.10,0.02,0.00,0.00,0.00,0.04,0.21,0.00,0.03,0.00,0.00,51.84,20.50,2.67,9.51,6.02,0.14,0.00
458,1.23,0.28,0.09,0.10,0.02,0.03,0.14,0.26,0.00,0.10,0.01,0.01,77.34,4.69,0.22,8.59,5.51,0.00,0.00
459,0.64,0.31,0.07,0.01,0.00,0.00,0.11,0.23,0.00,0.05,0.00,0.40,75.41,2.07,0.76,14.45,4.25,0.00,0.00
460,1.36,0.24,0.07,0.01,0.01,0.02,0.10,0.23,0.00,0.04,0.00,0.00,60.96,22.79,2.05,3.86,5.54,0.00,0.00
461,2.41,0.14,0.06,0.00,0.00,0.01,0.11,0.19,0.00,0.02,0.00,0.00,34.05,40.99,5.43,5.46,6.08,0.00,0.00
462,1.06,0.25,0.06,0.02,0.02,0.01,0.15,0.23,0.00,0.08,0.01,0.00,50.60,12.18,10.59,9.64,3.37,0.01,0.00
463,0.22,0.29,0.07,0.01,0.01,0.00,0.17,0.28,0.00,0.06,0.00,0.01,47.15,24.45,15.71,5.74,5.22,0.12,0.00
464,0.55,0.53,0.22,0.12,0.06,0.11,0.27,0.31,0.00,0.15,0.03,0.02,60.56,13.93,9.99,8.90,3.07,0.14,0.00
465,0.28,0.31,0.13,0.03,0.03,0.04,0.22,0.26,0.01,0.04,0.01,0.00,53.00,31.78,3.46,5.96,2.46,0.00,0.00
466,2.61,0.28,0.12,0.04,0.02,0.04,0.18,0.30,0.00,0.05,0.04,0.03,67.89,16.53,1.56,0.91,6.50,0.12,0.00
467,0.10,0.45,0.26,0.11,0.10,0.13,0.47,0.40,0.06,0.13,0.01,0.02,83.46,7.24,1.31,2.07,3.32,0.02,0.00
468,0.82,0.47,0.26,0.09,0.09,0.15,0.54,0.43,0.04,0.18,0.01,0.02,86.03,3.07,0.61,1.19,4.50,0.04,0.00
469,0.74,0.51,0.34,0.13,0.13,0.25,0.78,0.59,0.18,0.26,0.01,0.03,80.68,5.20,0.63,3.15,5.82,0.02,0.00
470,2.35,1.28,0.43,0.67,0.14,0.22,0.44,0.40,0.40,0.13,0.01,0.01,75.01,4.42,0.41,1.30,6.56,0.08,0.00
471,0.11,0.46,0.15,0.04,0.05,0.06,0.37,0.36,0.00,0.07,0.00,0.01,80.91,11.43,0.62,2.23,2.83,0.00,0.00
472,0.90,0.62,0.37,0.16,0.15,0.33,0.94,0.59,0.40,0.27,0.00,0.03,54.35,24.01,1.44,3.09,11.38,0.02,0.00
473,0.49,0.74,0.40,0.25,0.26,0.11,0.95,1.21,0.26,0.55,0.02,0.06,54.23,20.71,1.24,1.80,14.40,0.08,0.00
474,0.05,0.68,0.92,0.31,0.28,0.92,1.42,0.61,0.50,0.36,0.00,0.02,67.36,5.87,2.39,7.64,9.83,0.02,0.00
475,0.05,0.39,0.27,0.07,0.09,0.24,0.44,0.33,0.15,0.16,0.00,0.00,46.32,18.86,3.80,19.36,8.48,0.00,0.00
476,0.82,0.78,0.51,0.35,0.17,0.46,0.65,0.63,0.00,0.60,0.01,0.09,72.14,1.94,2.22,4.80,7.14,0.00,0.00
477,0.07,0.26,0.09,0.02,0.02,0.01,0.20,0.26,0.00,0.16,0.01,0.00,71.10,3.77,4.96,13.27,5.11,0.00,0.00
478,0.21,0.38,0.31,0.08,0.06,0.13,0.51,0.29,0.00,0.40,0.04,0.02,62.54,2.39,5.62,20.62,5.57,0.00,0.00
479,0.03,0.53,0.39,0.08,0.15,0.47,0.94,0.60,0.79,0.54,0.02,0.02,53.92,15.20,3.29,8.75,13.40,0.49,0.00
480,0.44,0.50,0.22,0.12,0.07,0.12,0.28,0.34,0.03,0.06,0.00,0.01,90.98,2.01,0.14,0.19,3.31,0.16,0.00
481,3.79,0.27,0.04,0.00,0.00,0.00,0.10,0.23,0.00,0.06,0.00,0.02,65.36,9.35,2.02,3.59,13.12,1.11,0.00
482,0.13,0.85,0.15,0.22,0.00,0.01,0.16,0.38,0.00,0.05,0.01,0.01,92.36,1.71,0.01,0.03,1.96,0.00,0.00
483,6.85,0.28,0.08,0.02,0.01,0.01,0.19,0.27,0.00,0.13,0.00,0.01,59.12,12.71,0.63,0.92,16.64,0.22,0.00
484,59.78,0.10,0.01,0.00,0.00,0.00,0.02,0.09,0.00,0.02,0.00,0.00,6.32,3.24,0.27,0.14,14.91,0.21,0.01
485,40.03,0.20,0.03,0.03,0.00,0.03,0.08,0.12,0.00,0.11,0.02,0.01,0.60,3.40,0.60,0.18,53.09,0.09,0.00
486,0.04,0.26,0.04,0.05,0.02,0.00,0.08,0.38,0.01,0.19,0.01,0.01,0.30,0.74,0.11,0.11,93.55,2.63,0.00
487,0.03,0.06,0.00,0.00,0.00,0.00,0.00,0.07,0.00,0.00,0.00,0.00,0.00,0.00,0.00,0.01,82.79,16.76,0.00
488,0.08,0.14,0.01,0.00,0.00,0.00,0.00,0.04,0.00,0.00,0.00,0.00,0.00,0.00,0.00,0.02,65.48,32.36,0.00
489,0.00,0.04,0.00,0.00,0.00,0.00,0.00,0.01,0.00,0.00,0.00,0.00,0.00,0.00,0.00,0.14,25.26,72.04,0.00
490,0.02,0.14,0.00,0.00,0.00,0.00,0.00,0.03,0.00,0.00,0.00,0.01,0.00,0.00,0.00,0.00,62.52,36.53,0.00
491,0.08,0.17,0.01,0.01,0.00,0.00,0.09,0.04,0.00,0.29,0.00,0.02,0.01,0.01,0.00,0.20,96.09,1.74,0.00
492,0.03,0.42,0.06,0.04,0.01,0.00,0.13,0.14,0.00,0.37,0.00,0.02,0.82,0.58,0.12,1.50,94.76,0.36,0.00
493,0.00,0.27,0.11,0.00,0.02,0.00,1.08,0.21,0.00,2.12,0.00,0.00,0.03,0.02,0.13,0.26,95.48,0.17,0.00
494,3.34,0.33,0.17,0.25,0.07,0.13,0.34,0.36,0.58,0.38,0.01,0.24,1.97,7.33,0.66,0.19,74.45,7.95,0.00
495,28.71,0.52,0.21,0.15,0.16,0.10,0.44,0.61,0.00,0.76,0.02,0.31,1.72,2.55,0.15,0.35,59.12,0.66,0.00
496,29.17,0.86,0.31,0.10,0.13,0.07,0.79,1.10,0.00,2.24,0.10,0.88,2.56,1.98,0.26,2.15,47.47,0.13,0.00
497,21.19,0.24,0.07,0.01,0.10,0.00,0.25,0.70,0.00,0.72,0.02,0.02,5.70,6.47,0.44,3.64,57.94,0.00,0.00
498,9.72,0.32,0.03,0.01,0.06,0.00,0.07,0.65,0.00,0.32,0.00,0.01,3.17,1.46,0.24,2.48,80.73,0.04,0.00
499,10.76,0.44,0.12,0.16,0.08,0.01,0.50,1.08,0.00,2.01,0.03,0.02,3.20,3.21,0.25,1.94,73.32,0.01,0.00
500,6.20,0.42,0.22,0.07,0.09,0.02,0.57,1.24,0.00,1.49,0.01,0.02,16.60,11.20,0.48,3.76,55.92,0.00,0.00
501,7.12,0.28,0.07,0.02,0.03,0.00,0.24,1.08,0.00,1.08,0.00,0.01,5.46,2.26,0.38,2.33,77.58,0.09,0.00
502,18.01,0.91,0.24,0.04,0.05,0.00,1.19,1.08,0.00,3.36,0.02,0.11,9.35,7.00,0.61,2.70,53.85,0.00,0.00
503,21.33,0.26,0.09,0.03,0.03,0.02,0.17,0.42,0.00,0.47,0.01,0.02,2.30,9.27,1.09,0.42,56.69,0.09,0.00
504,2.47,0.17,0.04,0.00,0.01,0.00,0.07,0.59,0.00,0.25,0.01,0.00,1.13,2.32,0.21,0.12,85.68,1.30,0.00
505,4.72,0.34,0.14,0.03,0.04,0.11,0.33,0.37,0.01,1.53,0.00,0.01,1.19,0.97,0.07,0.07,72.47,14.84,0.00
506,11.67,0.27,0.06,0.01,0.04,0.00,0.10,0.49,0.00,0.31,0.01,0.00,1.42,3.33,0.17,0.06,73.38,1.01,0.00
507,3.43,0.16,0.00,0.00,0.01,0.00,0.11,0.32,0.00,0.22,0.00,0.00,10.15,5.15,0.86,0.25,75.10,0.45,0.00
508,12.71,0.26,0.04,0.02,0.01,0.00,0.12,0.28,0.00,0.29,0.01,0.00,11.03,3.17,0.40,0.24,68.85,0.48,0.00
509,10.44,0.14,0.01,0.00,0.03,0.00,0.06,0.32,0.00,0.25,0.00,0.00,4.85,1.09,0.27,0.10,79.59,0.41,0.00
510,19.01,0.35,0.07,0.02,0.10,0.01,0.20,0.65,0.00,1.27,0.01,0.00,1.67,0.40,0.12,0.04,61.43,2.16,0.00
511,16.80,0.19,0.04,0.01,0.02,0.01,0.08,0.36,0.00,0.42,0.00,0.00,2.79,0.43,0.06,0.11,73.61,1.58,0.00
512,15.14,0.31,0.15,0.03,0.08,0.08,0.30,0.55,0.01,0.55,0.01,0.08,4.25,1.83,0.17,0.25,72.24,0.90,0.00
513,34.69,0.21,0.02,0.00,0.00,0.00,0.02,0.34,0.00,0.07,0.00,0.00,2.90,5.59,0.21,0.45,54.82,0.15,0.00
514,8.12,0.66,0.70,0.24,0.22,0.48,1.27,0.50,0.04,4.25,0.47,12.75,0.23,1.80,0.43,0.14,60.75,0.00,0.00
515,14.65,0.05,0.01,0.00,0.00,0.01,0.03,0.08,0.00,0.07,0.00,0.02,0.02,0.05,0.01,0.00,41.41,28.84,0.01
516,45.30,0.27,0.04,0.01,0.00,0.00,0.07,0.21,0.00,0.22,0.01,0.16,1.37,5.27,0.76,0.13,43.77,0.01,0.00
517,30.67,0.21,0.07,0.04,0.03,0.02,0.21,0.28,0.83,0.63,0.00,0.13,0.10,1.17,0.18,0.03,61.07,0.28,0.00
518,10.03,0.17,0.06,0.01,0.02,0.00,0.18,0.47,0.00,1.57,0.00,0.01,2.24,4.74,1.09,0.53,67.60,0.30,0.00
519,19.21,0.27,0.08,0.02,0.02,0.01,0.15,0.37,0.00,0.29,0.00,0.01,1.03,6.04,1.16,0.29,57.65,0.01,0.00
520,23.18,0.16,0.08,0.01,0.02,0.00,0.17,0.39,0.00,0.43,0.00,0.21,0.29,1.76,0.34,0.07,64.05,0.08,0.00
521,11.28,0.54,0.29,0.03,0.23,0.31,0.89,0.34,1.06,0.94,0.00,0.03,0.07,0.75,0.16,0.02,80.53,0.51,0.00
522,8.12,0.18,0.08,0.02,0.03,0.02,0.24,0.35,0.00,0.57,0.02,0.03,1.81,3.34,0.08,0.14,78.88,2.43,0.00
523,17.84,0.20,0.02,0.13,0.01,0.00,0.05,0.22,0.00,0.14,0.04,0.08,0.35,0.36,0.02,0.06,77.33,0.27,0.00
524,8.11,0.22,0.22,0.08,0.08,0.17,0.37,0.37,0.02,1.55,0.01,0.82,0.04,0.08,0.01,0.06,81.61,2.14,0.00
525,14.26,0.16,0.03,0.01,0.04,0.00,0.05,0.30,0.00,0.20,0.00,0.01,0.12,0.14,0.03,0.03,81.69,0.71,0.00
526,63.01,0.14,0.02,0.01,0.01,0.00,0.03,0.13,0.00,0.03,0.00,0.00,0.02,0.07,0.01,0.01,34.46,1.01,0.00
527,17.78,0.78,0.33,0.06,0.06,0.21,0.33,0.77,0.00,0.90,0.01,0.04,8.08,14.67,0.40,0.95,54.40,0.00,0.00
528,1.42,1.64,2.16,1.00,1.66,3.50,3.55,1.31,2.54,1.34,0.01,0.04,13.22,24.35,1.16,1.36,33.48,0.20,0.00
529,2.17,0.54,0.22,0.11,0.08,0.15,0.76,0.67,0.39,0.58,0.00,0.01,40.47,10.82,0.57,0.49,40.67,0.10,0.00
530,4.80,0.82,0.23,0.14,0.11,0.09,0.59,0.89,0.00,1.06,0.00,0.01,15.60,4.10,0.48,1.02,64.81,0.68,0.00
531,4.57,0.43,0.10,0.03,0.04,0.01,0.36,0.83,0.00,0.83,0.00,0.02,34.33,10.13,0.49,0.21,44.59,0.40,0.00
532,15.20,0.26,0.03,0.01,0.01,0.00,0.14,0.40,0.00,0.39,0.00,0.00,15.49,7.19,0.33,0.18,59.58,0.05,0.00
533,9.68,0.49,0.13,0.08,0.09,0.05,0.47,1.03,0.12,0.49,0.00,0.03,37.98,18.14,0.38,0.31,28.73,0.04,0.00
534,11.50,0.13,0.17,0.12,0.30,0.03,0.77,1.41,0.00,0.61,0.00,0.04,17.10,40.11,0.28,0.10,24.62,1.34,0.00
535,8.17,1.07,1.10,0.59,0.58,0.92,2.68,2.15,2.07,1.23,0.02,0.02,25.84,18.77,1.27,1.76,27.09,0.17,0.00
536,2.83,0.79,0.72,0.29,0.42,0.24,2.24,1.23,1.31,0.96,0.01,0.09,44.85,20.53,1.09,1.14,13.39,0.04,0.00
537,3.88,0.37,0.15,0.04,0.04,0.03,0.37,0.59,0.00,0.90,0.00,0.02,33.75,16.50,1.87,2.72,25.52,0.10,0.00
538,6.64,0.42,0.16,0.04,0.03,0.00,0.39,0.77,0.01,0.40,0.00,0.01,33.55,30.95,1.53,1.62,20.29,0.03,0.00
539,8.39,0.36,0.11,0.02,0.02,0.01,0.29,0.41,0.00,0.34,0.00,0.01,31.56,20.73,1.79,2.07,31.63,0.03,0.00
540,7.42,0.75,0.52,0.15,0.41,0.15,1.30,1.83,0.00,3.36,0.04,0.14,12.20,4.56,0.22,6.51,48.98,0.22,0.00
541,12.72,0.22,0.10,0.03,0.13,0.00,0.79,1.19,0.00,4.18,0.01,0.03,2.30,1.36,0.06,5.86,66.30,0.00,0.00
542,0.05,0.43,0.13,0.02,0.04,0.03,0.48,0.47,0.00,0.10,0.00,0.01,46.72,37.67,1.30,0.25,11.95,0.24,0.00
543,1.58,0.48,0.15,0.11,0.06,0.10,0.45,0.54,0.09,0.57,0.01,0.01,26.63,18.82,2.18,2.39,42.48,0.46,0.00
544,0.17,0.70,0.34,0.06,0.13,0.16,0.83,0.61,0.25,0.51,0.00,0.02,59.34,16.50,2.47,8.62,9.17,0.01,0.00
545,0.71,0.81,0.67,0.32,0.37,0.74,2.17,1.08,0.77,0.64,0.01,0.03,59.36,20.64,0.68,0.67,9.78,0.08,0.00
546,2.92,1.56,1.79,1.09,1.44,2.27,6.46,2.27,3.63,3.15,0.01,0.19,35.34,15.19,0.59,0.50,16.10,1.94,0.00
547,4.08,0.78,0.43,0.18,0.32,0.40,1.22,0.98,0.29,0.68,0.01,0.03,51.57,20.16,0.52,0.21,14.43,0.21,0.00
548,3.65,1.28,1.05,0.68,0.59,1.22,2.55,1.41,0.99,0.52,0.01,0.05,36.56,29.09,0.40,0.23,10.02,0.11,0.00
549,0.22,0.80,0.46,0.20,0.17,0.36,0.99,0.74,0.16,0.20,0.01,0.03,85.76,3.94,0.13,0.22,4.90,0.07,0.00
550,1.48,9.17,14.26,10.29,6.21,29.82,6.41,1.52,8.67,0.50,0.03,0.30,5.39,2.02,0.09,0.20,1.44,0.55,0.00
551,3.86,0.57,0.22,0.13,0.09,0.23,0.35,0.59,0.02,0.34,0.00,0.01,79.67,2.53,0.26,1.23,9.06,0.17,0.00
552,0.42,0.67,0.32,0.17,0.10,0.18,0.84,0.94,0.07,0.58,0.01,0.04,76.19,3.62,0.26,0.87,12.68,0.76,0.00
553,0.62,2.65,3.48,2.07,2.46,6.47,8.43,1.76,7.32,3.18,0.03,0.08,42.63,7.69,0.49,1.16,7.18,1.63,0.00
554,0.62,3.29,5.54,2.43,3.68,6.64,11.98,2.34,6.30,2.02,0.02,0.11,32.23,9.95,0.57,1.45,8.65,0.96,0.00
555,0.23,0.60,0.45,0.16,0.28,0.43,1.11,0.92,0.12,0.38,0.00,0.06,71.88,10.44,0.44,0.32,10.98,0.50,0.00
556,0.41,0.76,0.64,0.31,0.27,0.41,1.57,1.19,0.25,0.66,0.01,0.04,72.92,8.51,0.29,0.57,10.21,0.08,0.00
557,0.06,1.32,1.45,0.68,0.58,1.31,3.17,1.46,1.06,0.93,0.02,0.04,65.22,10.09,0.39,0.54,10.75,0.10,0.00
558,0.02,1.58,1.25,1.95,0.65,2.05,3.00,1.55,0.99,0.93,0.00,0.02,60.03,13.89,0.45,0.61,9.67,0.22,0.00
559,0.01,0.93,0.77,0.40,0.28,0.84,2.09,1.34,2.12,1.47,0.01,0.07,33.67,18.42,1.35,0.83,34.47,0.21,0.00
560,0.01,0.93,0.24,0.10,0.07,0.16,0.58,0.84,0.01,0.12,0.00,0.01,84.81,6.98,0.21,0.35,4.19,0.00,0.00
561,0.04,0.95,0.60,0.32,0.24,0.56,1.49,1.07,0.05,0.90,0.02,0.01,68.35,12.10,0.41,0.66,11.63,0.04,0.00
562,2.95,0.60,0.49,0.20,0.18,0.15,1.43,1.35,0.01,1.80,0.00,0.01,64.77,9.49,0.22,0.25,12.58,0.14,0.00
563,3.85,1.12,1.10,0.62,0.38,0.68,3.03,1.63,1.00,2.00,0.01,0.02,48.61,14.46,0.36,0.83,18.27,0.06,0.00
564,0.68,0.39,0.14,0.02,0.05,0.01,0.50,0.88,0.00,0.63,0.00,0.00,78.89,4.07,0.18,0.62,11.80,0.10,0.00
565,5.28,1.16,1.06,0.67,0.54,0.64,3.70,1.75,1.57,7.12,0.06,0.09,21.72,6.41,0.58,2.96,41.58,0.38,0.00
566,2.70,0.84,0.68,0.28,0.24,0.17,1.96,1.82,0.84,1.91,0.01,0.05,45.44,18.50,0.41,1.03,21.91,0.00,0.00
567,3.62,1.00,1.10,0.38,0.45,0.83,2.74,1.74,1.31,1.99,0.01,0.03,41.26,20.32,0.36,0.49,21.14,0.00,0.00
568,6.45,1.02,1.06,0.58,0.77,0.40,4.75,2.02,2.06,4.96,0.15,0.13,20.78,18.71,0.58,0.71,31.54,0.05,0.00
569,1.05,1.83,2.46,1.43,1.02,4.86,3.94,1.37,1.92,1.48,0.02,0.09,63.71,5.59,0.15,0.62,7.68,0.02,0.00
570,0.61,2.73,3.68,1.77,1.55,6.38,5.75,1.70,3.43,6.51,0.01,0.13,43.43,6.96,0.26,0.75,13.11,0.35,0.00
571,0.57,0.54,0.38,0.11,0.10,0.12,0.93,1.13,0.01,0.57,0.00,0.18,82.37,1.78,0.15,0.36,9.49,0.08,0.00
572,1.94,1.32,0.84,0.76,0.55,0.70,2.35,1.71,0.01,1.96,0.02,0.67,69.76,3.15,0.21,0.75,10.94,0.06,0.00
573,5.15,0.61,0.55,0.22,0.19,0.34,1.76,1.23,0.39,2.08,0.01,0.03,51.49,11.98,0.19,0.95,22.22,0.00,0.00
574,0.21,0.32,0.06,0.01,0.02,0.00,0.01,0.40,0.01,0.08,0.00,0.01,1.90,6.76,0.16,0.01,84.82,4.96,0.00
575,3.00,0.12,0.00,0.00,0.12,0.00,0.00,0.00,0.00,0.09,0.00,0.00,0.04,0.05,0.00,0.01,90.37,0.48,0.00
576,3.65,0.12,0.01,0.00,0.11,0.00,0.02,0.07,0.00,0.36,0.00,0.03,0.57,1.87,0.08,0.08,90.03,0.01,0.00
577,0.69,0.60,0.00,0.00,1.07,0.00,0.00,0.02,0.00,2.43,0.01,0.01,0.65,0.69,0.00,0.14,86.68,0.05,0.00
578,0.95,0.33,0.00,0.00,0.53,0.00,0.00,0.00,0.00,0.16,0.00,0.02,0.18,0.33,0.00,0.00,91.23,0.07,0.00
579,4.35,0.00,0.00,0.00,0.00,0.00,0.00,0.03,0.00,0.00,0.00,0.00,0.33,1.71,0.19,0.31,90.46,0.23,0.00
580,1.28,0.20,0.07,0.01,0.02,0.00,0.07,0.21,0.00,0.54,0.00,0.04,5.91,17.51,0.79,0.99,71.66,0.00,0.00
581,1.74,0.36,0.04,0.00,0.02,0.00,0.03,0.79,0.00,1.45,0.00,0.06,0.18,2.69,0.03,0.00,91.50,0.00,0.00
582,3.71,1.85,1.22,0.32,0.48,0.65,3.08,2.07,1.62,7.12,0.01,0.19,5.09,20.97,0.57,0.07,48.90,0.44,0.00
583,0.56,0.47,0.10,0.02,0.03,0.00,0.07,0.61,0.04,0.40,0.01,0.04,1.34,3.89,0.05,0.02,90.45,1.16,0.00
584,2.37,0.77,0.13,0.06,0.07,0.06,0.46,0.73,0.01,4.09,0.02,0.03,0.28,2.25,0.13,0.00,84.39,1.12,0.00
585,1.74,0.76,0.28,0.10,0.13,0.18,1.13,1.21,1.19,5.55,0.01,0.03,0.92,5.82,0.45,0.01,77.60,0.19,0.00
586,0.22,0.78,0.24,0.05,0.02,0.07,0.34,0.91,0.02,1.55,0.01,0.04,2.72,7.71,0.21,0.05,84.49,0.10,0.00
587,2.20,0.79,0.37,0.10,0.16,0.05,0.86,1.40,0.24,4.29,0.02,0.12,0.74,4.08,0.11,0.02,81.76,0.27,0.00
588,1.47,1.01,1.01,0.27,0.72,0.77,5.17,1.90,4.94,16.01,0.01,0.08,10.79,10.84,0.45,0.09,43.91,0.22,0.00
589,2.27,1.43,0.82,0.45,0.56,0.48,5.63,1.27,6.77,14.90,0.03,0.16,0.84,1.92,0.03,0.00,56.32,1.13,0.00
590,0.08,0.00,0.00,0.00,0.01,0.00,0.00,0.04,0.00,0.00,0.00,0.01,0.00,0.01,0.00,0.00,86.85,12.87,0.02
591,0.73,0.45,0.15,0.06,0.00,0.00,0.18,1.13,0.01,0.96,0.00,0.01,7.60,19.69,0.21,0.10,67.70,0.02,0.01
592,0.75,1.10,0.29,0.12,0.04,0.06,0.47,0.94,0.00,1.34,0.02,0.07,8.50,10.10,0.10,0.11,73.90,0.13,0.01
593,1.28,0.14,0.02,0.01,0.01,0.01,0.02,0.10,0.00,0.13,0.00,0.01,0.33,0.18,0.00,0.00,91.42,2.27,0.03
594,0.93,0.64,0.20,0.03,0.04,0.00,0.26,0.74,0.00,1.56,0.02,0.04,2.06,2.03,0.05,0.06,89.83,0.01,0.00
595,1.08,4.64,1.19,0.48,0.09,0.00,1.73,1.74,0.00,3.85,0.08,0.13,14.15,9.10,0.22,0.14,53.06,0.22,0.00
596,0.22,0.37,0.07,0.02,0.01,0.01,0.04,0.30,0.00,0.28,0.00,0.03,0.25,0.16,0.00,0.01,90.55,7.36,0.00
597,1.09,0.58,0.12,0.03,0.03,0.01,0.24,0.69,0.00,3.85,0.00,0.06,0.90,2.64,0.04,0.01,86.52,0.33,0.00
598,1.95,0.53,0.25,0.05,0.08,0.01,0.69,1.46,0.04,5.03,0.01,0.08,1.19,2.29,0.06,0.03,74.94,0.57,0.00
599,1.38,0.43,0.11,0.05,0.01,0.05,0.14,0.65,0.01,0.45,0.00,0.02,1.28,2.44,0.07,0.04,90.95,0.00,0.00
600,2.68,0.00,0.00,0.00,0.00,0.00,0.00,0.01,0.00,0.00,0.00,0.00,0.00,0.00,0.00,0.00,77.26,18.60,0.05
601,3.51,0.06,0.02,0.01,0.00,0.00,0.04,0.05,0.00,0.18,0.01,0.02,0.02,0.01,0.00,0.01,77.49,1.30,0.00
602,1.00,0.00,0.00,0.00,0.00,0.00,0.00,0.02,0.00,0.00,0.00,0.01,0.13,0.03,0.00,0.00,95.97,1.01,0.03
603,0.65,0.00,0.00,0.00,0.00,0.00,0.00,0.00,0.00,0.00,0.00,0.00,0.07,0.01,0.00,0.00,98.72,0.00,0.04
604,1.26,0.85,0.27,0.06,0.11,0.04,1.19,1.51,0.37,3.32,0.01,0.12,5.73,24.11,0.50,0.05,58.86,0.09,0.00
605,0.08,0.16,0.09,0.00,0.07,0.00,0.20,0.33,0.00,2.64,0.00,0.00,0.39,1.26,0.05,0.06,93.95,0.10,0.00
606,0.45,0.21,0.00,0.00,0.27,0.00,0.00,0.00,0.00,0.05,0.00,0.00,0.10,0.08,0.00,0.00,96.92,0.06,0.00
607,2.30,3.39,4.53,2.16,1.92,3.99,15.06,1.59,15.02,10.23,0.03,0.26,6.91,9.24,0.27,0.07,19.70,0.13,0.00
608,3.79,1.32,0.52,0.18,0.18,0.09,1.75,1.69,0.56,8.96,0.01,0.08,0.85,5.30,0.40,0.02,68.73,0.05,0.00
609,2.57,2.16,1.97,0.55,0.98,1.59,8.12,1.67,9.72,16.08,0.04,0.16,1.19,6.12,0.44,0.04,42.86,0.42,0.00
610,2.58,7.27,12.84,2.43,5.64,22.08,21.63,0.83,19.27,0.63,0.02,0.10,0.18,0.60,0.00,0.00,0.72,0.02,0.00
611,5.18,3.16,3.45,1.34,1.56,4.22,11.56,1.53,10.90,14.48,0.05,0.34,3.06,5.50,0.13,0.32,28.58,0.32,0.00
612,5.74,2.32,1.89,0.71,0.65,0.85,7.10,2.66,6.89,13.57,0.11,0.23,2.36,7.93,0.09,0.15,44.17,0.20,0.00
613,2.65,5.38,7.71,2.58,4.02,15.99,19.13,1.32,13.10,8.72,0.03,0.23,1.01,2.00,0.04,0.08,12.39,0.36,0.00
614,2.92,2.19,2.32,0.71,0.77,1.23,8.32,2.34,9.18,10.64,0.04,0.30,1.72,5.22,0.08,0.06,49.06,0.05,0.00
615,2.44,2.45,2.06,0.77,0.91,1.56,6.85,1.94,5.41,9.49,0.09,0.28,9.10,17.53,0.33,0.02,34.57,0.14,0.00
616,0.00,0.00,0.00,0.00,0.00,0.00,0.00,0.00,0.00,0.00,0.00,0.00,0.00,0.00,0.00,0.10,56.06,42.51,0.00
617,0.00,0.23,0.01,0.00,0.00,0.00,0.00,0.02,0.00,0.00,0.00,0.00,0.00,0.00,0.00,0.58,68.70,29.43,0.00
618,0.00,0.25,0.03,0.00,0.02,0.01,0.17,0.12,0.00,0.34,0.00,0.00,0.00,0.00,0.00,0.16,93.09,2.67,0.00
619,0.00,0.34,0.03,0.02,0.00,0.00,0.07,0.19,0.00,0.52,0.00,0.06,0.03,0.64,0.35,0.35,95.48,1.54,0.00
620,0.00,0.29,0.14,0.03,0.06,0.04,0.45,0.53,0.01,1.99,0.00,0.01,0.00,0.00,0.02,0.72,93.44,1.12,0.00
621,0.02,0.33,0.12,0.02,0.09,0.05,0.41,0.33,0.01,0.55,0.01,0.02,0.00,0.02,0.18,2.55,85.85,1.90,0.00
622,0.00,0.28,0.01,0.00,0.00,0.00,0.06,0.08,0.00,0.86,0.00,0.00,0.00,0.00,0.00,0.12,95.93,1.08,0.00
623,0.00,0.23,0.08,0.04,0.03,0.01,0.38,0.67,0.01,2.39,0.01,0.01,0.03,0.03,0.19,1.34,93.59,0.67,0.00
624,0.00,0.08,0.05,0.00,0.02,0.00,0.07,0.08,0.00,0.10,0.00,0.01,0.01,0.03,0.03,3.02,72.13,24.02,0.00
625,0.00,0.07,0.00,0.01,0.00,0.00,0.00,0.01,0.00,0.00,0.00,0.09,0.00,0.00,0.00,7.30,91.02,1.49,0.00
626,0.00,0.02,0.00,0.00,0.00,0.00,0.00,0.00,0.00,0.00,0.00,0.02,0.00,0.00,0.00,0.34,66.05,32.42,0.00
627,0.00,0.03,0.00,0.00,0.00,0.00,0.00,0.00,0.00,0.00,0.00,0.01,0.00,0.00,0.00,0.17,80.95,18.44,0.00
628,0.00,0.13,0.00,0.00,0.01,0.00,0.00,0.02,0.00,0.02,0.00,0.00,0.00,0.00,0.00,0.04,83.76,15.43,0.00
629,0.00,0.16,0.01,0.00,0.03,0.00,0.01,0.13,0.00,0.06,0.00,0.00,0.00,0.00,0.01,0.43,94.40,4.41,0.00
630,0.04,0.18,0.08,0.02,0.03,0.00,0.18,0.38,0.00,0.59,0.00,0.01,0.25,0.54,1.39,6.15,88.46,1.61,0.00
631,0.30,0.83,0.30,0.07,0.11,0.18,0.48,0.67,0.41,1.14,0.01,0.04,10.45,21.61,0.43,0.20,61.89,0.01,0.00
632,1.06,0.88,0.26,0.03,0.19,0.09,0.55,0.81,0.05,7.46,0.01,0.02,4.35,17.20,0.25,0.11,64.86,0.09,0.00
633,0.33,0.74,0.16,0.03,0.06,0.00,0.40,0.64,0.00,3.80,0.00,0.00,1.56,6.30,0.13,0.15,83.59,0.14,0.00
634,0.52,0.78,0.42,0.05,0.17,0.09,0.59,0.93,0.41,1.44,0.01,0.04,19.32,28.35,0.29,0.11,43.10,0.00,0.00
635,0.03,0.52,0.16,0.04,0.04,0.02,0.27,0.42,0.02,0.58,0.01,0.06,6.22,21.79,0.40,0.04,69.16,0.00,0.00
636,0.21,0.43,0.18,0.03,0.15,0.02,0.60,0.84,0.21,3.49,0.00,0.03,17.99,27.22,0.74,0.05,47.45,0.00,0.00
637,3.56,0.80,0.29,0.11,0.28,0.19,1.48,1.20,0.25,2.67,0.01,0.00,21.87,13.11,0.44,2.43,46.57,0.21,0.00
638,0.83,1.31,0.99,0.51,0.52,1.11,3.40,1.55,1.73,4.03,0.04,0.06,24.01,19.98,0.67,0.69,37.31,0.05,0.00
639,0.32,2.04,2.26,0.49,1.60,1.45,10.97,1.85,16.69,12.90,0.01,0.00,5.69,6.71,0.48,0.85,33.26,1.33,0.00
640,1.63,3.03,5.47,2.42,2.43,6.62,19.23,1.75,8.10,9.36,0.01,0.15,9.48,13.28,0.51,0.68,12.02,0.24,0.00
641,5.00,1.15,0.25,0.24,0.35,0.00,1.22,2.55,0.00,4.74,0.03,0.13,0.30,0.59,0.02,0.00,80.34,0.83,0.00
642,2.89,0.75,0.26,0.06,0.23,0.01,1.02,2.00,0.00,9.87,0.02,0.05,0.43,1.70,0.05,0.00,77.26,0.04,0.00
643,0.12,0.39,0.05,0.01,0.01,0.00,0.09,0.23,0.00,0.35,0.02,0.21,1.35,4.06,0.09,0.02,92.44,0.21,0.00
644,0.16,0.53,0.12,0.07,0.05,0.08,0.23,0.31,0.03,0.75,0.02,0.15,1.16,4.36,0.13,0.03,91.10,0.09,0.00
645,25.23,3.47,3.30,3.57,1.03,3.97,2.40,1.07,4.70,0.88,0.05,0.34,13.71,3.73,0.04,0.06,18.56,0.87,0.00
646,22.02,1.07,1.24,1.16,0.31,1.02,2.39,1.58,2.43,1.93,0.04,0.11,26.28,5.16,0.14,0.14,26.68,0.23,0.00
647,63.45,0.11,0.02,0.01,0.01,0.00,0.00,0.07,0.01,0.00,0.05,0.01,15.20,0.46,0.04,0.00,16.64,0.33,0.00
648,33.01,0.67,1.10,0.59,0.63,0.43,2.40,1.55,1.34,4.47,0.82,0.00,15.51,4.41,0.06,0.05,25.86,1.84,0.00
649,13.27,0.87,0.46,0.16,0.14,0.07,0.84,1.31,1.05,0.91,0.04,0.00,23.74,4.83,0.15,0.59,51.01,0.04,0.00
650,9.36,1.33,0.94,0.28,0.20,0.28,1.38,1.73,0.59,1.08,0.02,0.02,41.36,13.60,0.06,0.09,26.52,0.16,0.00
651,44.09,0.94,1.47,0.23,0.68,0.14,5.02,2.19,0.50,8.41,2.15,0.01,2.18,0.34,0.05,0.00,24.19,0.90,0.00
652,18.54,0.71,0.40,0.29,0.12,0.03,0.77,0.90,0.99,1.34,0.03,0.07,14.17,3.91,0.18,0.44,55.74,0.08,0.00
653,55.72,0.40,0.21,0.13,0.04,0.07,0.32,0.35,0.16,0.50,0.05,0.06,6.74,1.24,0.07,0.21,29.52,0.11,0.00
654,1.22,2.14,2.89,0.89,1.07,1.52,6.71,2.21,3.81,4.99,0.03,0.09,21.07,26.90,1.08,0.26,21.79,0.13,0.00
655,0.97,1.66,1.73,0.41,0.89,1.72,6.76,2.07,7.59,9.23,0.05,0.38,8.22,10.25,0.77,0.17,44.93,0.36,0.00
656,0.43,1.73,2.34,0.33,1.00,2.31,4.68,2.16,4.72,3.08,0.01,0.07,13.27,29.38,1.34,0.08,31.68,0.34,0.00
657,0.33,2.68,4.22,1.63,1.07,1.94,6.72,2.17,2.49,1.85,0.15,0.58,33.62,30.84,0.39,0.10,7.66,0.00,0.00
658,1.96,5.70,10.90,4.20,5.09,26.29,21.31,1.09,16.73,0.48,0.00,0.05,0.53,0.25,0.00,0.00,0.68,0.01,0.00
659,31.16,3.55,5.13,2.34,2.93,3.95,14.80,0.71,17.24,3.15,0.00,0.00,1.50,1.69,0.04,0.02,7.36,2.34,0.00
660,7.99,18.28,8.07,22.51,3.25,9.43,1.81,0.58,18.56,0.00,0.00,0.42,0.13,0.23,0.00,0.00,0.81,0.01,0.00
661,3.46,0.69,0.33,0.14,0.06,0.05,0.80,0.71,0.20,0.88,0.01,0.03,16.99,39.26,2.12,0.47,31.69,0.00,0.00
662,6.93,0.42,0.29,0.22,0.08,0.20,0.65,0.64,0.21,0.96,0.01,0.05,9.04,15.85,1.13,0.47,61.87,0.00,0.00
663,3.95,0.93,0.84,0.64,0.22,0.26,1.78,1.22,1.72,2.17,0.08,0.36,10.22,5.79,0.17,2.41,66.35,0.06,0.00
664,3.53,0.38,0.12,0.12,0.02,0.02,0.32,0.52,0.05,1.11,0.01,0.03,4.52,11.87,0.73,0.50,75.43,0.00,0.00
665,3.28,0.34,0.16,0.09,0.03,0.03,0.45,0.72,0.10,0.76,0.01,0.01,13.75,14.13,1.61,0.42,61.71,0.00,0.00
666,4.37,0.45,0.19,0.16,0.05,0.02,0.55,0.81,0.35,0.93,0.02,0.08,6.32,10.94,0.85,0.67,72.65,0.06,0.00
667,6.47,0.63,0.34,0.11,0.06,0.04,0.70,0.74,0.40,0.98,0.02,0.02,28.34,10.89,0.46,1.51,47.55,0.01,0.00
668,7.78,0.95,0.44,0.17,0.07,0.05,0.87,0.85,0.00,1.08,0.02,0.04,30.44,8.59,0.38,1.76,45.88,0.02,0.00
669,3.17,0.50,0.30,0.05,0.04,0.06,0.74,0.74,0.50,1.58,0.01,0.04,3.93,8.13,0.39,0.23,78.87,0.01,0.00
670,0.44,0.30,0.08,0.04,0.02,0.00,0.27,0.57,0.00,0.93,0.04,0.13,3.98,9.55,0.49,0.16,79.13,0.01,0.00
671,4.13,0.72,0.32,0.06,0.06,0.03,0.66,0.57,0.12,1.20,0.04,0.40,16.89,8.65,0.40,2.61,62.70,0.01,0.00
672,8.16,0.91,0.48,0.16,0.08,0.04,1.03,0.91,0.39,1.33,0.01,0.03,28.82,7.47,0.29,1.67,47.65,0.06,0.00
673,8.57,1.33,0.78,0.37,0.16,0.26,1.37,1.37,1.31,1.65,0.04,0.06,24.75,5.56,0.27,0.90,49.71,0.10,0.00
674,4.26,3.40,4.33,2.08,1.59,3.95,7.00,3.09,9.12,6.13,0.10,0.24,8.98,5.20,0.20,0.05,34.52,0.87,0.00
675,9.24,1.12,0.47,0.06,0.14,0.06,0.77,1.14,0.80,0.79,0.08,0.08,12.87,10.71,0.24,2.36,58.31,0.13,0.00
676,37.32,0.44,0.25,0.40,0.07,0.06,0.34,0.40,0.38,0.58,0.07,0.20,8.86,5.48,0.27,0.39,37.36,0.05,0.00
677,2.10,0.22,0.05,0.02,0.00,0.00,0.05,0.28,0.00,0.41,0.00,0.02,1.23,3.40,0.14,0.35,91.51,0.00,0.00
678,6.00,0.41,0.10,0.02,0.01,0.00,0.23,0.41,0.00,0.48,0.00,0.00,3.72,16.21,0.99,0.30,70.64,0.00,0.00
679,0.15,0.85,0.15,0.02,0.04,0.00,0.09,0.88,0.00,0.42,0.01,0.01,1.51,7.18,0.37,0.02,72.94,15.16,0.00
680,0.09,0.73,0.11,0.04,0.08,0.00,0.83,1.11,0.01,3.11,0.02,0.02,0.66,2.77,0.19,0.00,76.58,13.00,0.00
681,0.02,0.90,0.26,0.05,0.04,0.00,0.33,1.03,0.00,0.67,0.01,0.00,1.02,32.52,2.26,0.39,60.03,0.20,0.00
682,0.01,0.53,0.18,0.03,0.08,0.01,0.36,1.09,0.10,1.30,0.01,0.02,0.23,4.88,0.27,0.11,89.59,0.68,0.00
683,0.01,0.30,0.04,0.01,0.06,0.00,0.11,0.46,0.31,0.48,0.00,0.04,0.12,3.91,0.14,0.04,91.87,1.21,0.00
684,0.10,1.07,0.84,0.34,0.03,0.11,2.99,2.97,0.40,1.96,0.00,0.01,1.71,33.65,1.78,0.46,46.10,5.43,0.00
685,0.00,0.48,0.17,0.03,0.06,0.00,0.24,0.92,0.00,1.14,0.00,0.01,0.12,2.33,0.18,0.05,77.17,15.90,0.00
686,0.01,0.72,0.04,0.00,0.06,0.00,0.13,0.17,0.00,0.74,0.00,0.04,0.02,0.46,0.01,0.01,57.80,39.82,0.00
687,0.02,2.18,1.76,0.60,0.31,0.20,6.04,3.74,1.51,5.83,0.03,0.04,1.93,19.29,1.02,0.55,53.32,0.00,0.00
688,0.01,0.13,0.10,0.00,0.02,0.01,0.26,0.83,0.00,2.40,0.00,0.01,0.40,7.95,0.74,0.33,80.67,6.14,0.00
689,0.04,0.56,0.26,0.10,0.04,0.00,0.63,0.98,0.00,3.18,0.01,0.01,0.53,8.14,0.34,0.14,84.99,0.00,0.00
690,0.00,0.30,0.04,0.00,0.04,0.00,0.00,0.41,0.00,0.35,0.00,0.00,0.32,4.76,0.32,0.30,93.06,0.00,0.00
691,0.17,2.27,1.78,0.62,0.52,0.90,2.70,2.22,0.63,1.29,0.06,0.12,18.62,40.82,1.19,0.03,24.98,0.14,0.00
692,0.21,1.32,0.63,0.25,0.19,0.26,1.27,1.69,0.21,1.76,0.03,0.06,10.96,27.39,1.07,0.04,51.01,0.09,0.00
693,0.02,0.60,0.11,0.04,0.03,0.03,0.18,0.44,0.42,0.88,0.03,0.07,0.60,4.08,0.36,0.00,91.20,0.36,0.00
694,0.01,0.66,0.17,0.04,0.04,0.07,0.32,0.62,0.21,0.94,0.01,0.10,1.51,8.18,0.71,0.02,85.62,0.06,0.00
695,0.10,3.50,3.72,1.63,0.86,4.17,4.34,1.04,8.03,9.13,1.89,5.43,0.74,0.88,0.01,0.00,52.24,0.05,0.00
696,0.14,1.59,1.25,0.63,0.27,0.46,4.14,2.11,2.23,4.05,0.06,0.16,2.97,29.53,1.60,1.90,44.21,0.04,0.00
697,0.42,1.19,0.86,0.45,0.14,0.18,2.04,1.89,1.27,2.72,0.03,0.20,4.16,26.22,1.02,0.66,53.29,0.03,0.00
698,0.05,0.45,0.25,0.04,0.07,0.06,0.87,0.61,1.79,1.65,0.02,0.14,0.37,4.70,0.38,0.32,87.45,0.38,0.00
699,0.03,0.46,0.18,0.20,0.04,0.00,0.71,1.24,0.96,2.79,0.02,0.03,0.49,9.93,0.56,0.29,80.31,0.37,0.00
700,4.83,1.43,0.94,0.20,0.41,0.17,2.16,2.30,0.04,5.35,0.02,0.19,25.74,17.74,0.44,0.01,35.10,1.50,0.00
701,2.66,2.02,1.22,0.24,0.30,0.33,3.06,2.33,1.09,8.24,0.04,0.01,18.30,21.69,0.30,0.02,36.88,0.16,0.00
702,1.80,2.87,1.56,0.19,0.98,0.42,3.50,1.96,0.08,16.05,0.01,0.12,10.77,8.26,0.16,0.02,48.08,0.70,0.00
703,1.13,0.56,0.18,0.00,0.11,0.00,0.79,0.60,0.01,8.35,0.00,0.00,0.71,2.04,0.08,0.00,79.02,4.70,0.00
704,0.00,0.58,0.28,0.11,0.06,0.00,0.73,1.84,0.04,1.45,0.04,0.41,0.83,12.35,1.13,1.89,76.97,0.90,0.00
705,1.44,1.19,0.45,0.31,0.06,0.00,1.59,1.55,0.00,3.11,0.08,0.10,8.75,28.81,0.64,1.31,37.74,0.00,0.00
706,0.03,0.28,0.06,0.02,0.02,0.00,0.23,0.64,0.41,0.92,0.01,0.09,1.23,5.25,0.20,0.30,88.04,1.37,0.00
707,0.03,0.48,0.32,0.06,0.04,0.02,0.96,1.86,0.21,1.33,0.00,0.10,8.52,37.05,0.75,0.80,46.97,0.01,0.00
708,0.08,0.31,0.06,0.04,0.01,0.00,0.10,0.97,0.00,0.51,0.02,0.26,1.87,13.06,0.52,0.58,79.27,0.00,0.00
709,0.04,0.48,0.35,0.14,0.04,0.01,1.79,0.92,1.69,4.51,0.12,1.30,0.76,5.34,0.37,0.54,80.33,0.00,0.00
710,0.12,0.54,0.15,0.06,0.05,0.04,0.46,0.69,0.02,1.53,0.05,0.73,0.73,3.92,0.42,0.03,89.60,0.13,0.00
711,0.02,0.97,0.39,0.24,0.11,0.22,0.90,1.05,0.55,3.11,0.25,1.39,3.30,15.61,0.71,0.06,70.26,0.03,0.00
712,0.19,1.29,0.44,0.06,0.07,0.05,1.07,1.15,0.00,2.85,0.02,0.11,1.06,23.79,3.10,0.53,63.41,0.02,0.00
713,0.00,0.52,0.21,0.07,0.01,0.03,0.36,1.11,0.08,2.94,0.05,1.12,0.19,2.33,0.17,0.14,90.29,0.06,0.00
714,0.00,0.74,0.24,0.06,0.02,0.08,0.72,0.96,0.03,2.83,0.00,0.93,0.03,0.70,0.26,0.09,91.88,0.22,0.00
715,0.00,0.17,0.02,0.01,0.02,0.00,0.05,0.09,0.12,0.34,0.01,0.01,0.09,0.55,0.78,2.48,94.48,0.74,0.00
716,0.00,0.32,0.04,0.49,0.01,0.00,0.00,0.15,0.00,0.00,0.23,0.03,1.13,0.35,0.61,71.73,23.81,0.00,0.00
717,0.00,0.94,0.65,1.09,0.04,0.29,0.63,0.49,0.00,0.27,0.30,0.16,45.91,4.76,5.01,28.71,10.69,0.00,0.00
718,0.00,0.13,0.02,0.16,0.02,0.00,0.01,0.34,0.00,0.06,0.02,1.28,0.05,0.10,1.09,38.07,58.66,0.00,0.00
719,0.00,0.23,0.02,0.11,0.01,0.00,0.00,0.11,0.00,0.00,0.00,0.07,0.00,0.00,1.42,51.99,45.98,0.00,0.00
720,0.00,0.18,0.07,0.00,0.02,0.00,0.44,0.17,0.00,1.76,0.00,0.00,0.01,0.02,0.42,3.11,92.07,0.00,0.00
721,0.15,1.39,0.74,0.67,0.16,0.25,0.87,1.24,0.02,0.13,0.01,0.05,63.43,3.89,1.85,8.22,16.82,0.00,0.00
722,0.00,0.00,0.07,0.02,0.06,0.00,0.35,0.45,0.05,0.64,0.00,0.00,0.02,0.01,0.05,1.28,55.84,41.06,0.00
723,0.00,0.94,0.07,0.05,0.16,0.04,0.41,0.52,0.33,0.76,0.00,0.00,0.14,0.13,0.02,2.45,68.11,25.72,0.00
724,0.00,0.12,0.07,0.06,0.05,0.00,0.40,0.44,0.00,0.17,0.01,0.01,0.88,0.72,0.85,2.36,91.85,0.87,0.00
725,0.05,0.65,0.54,0.23,0.24,0.29,0.99,0.58,0.33,1.06,0.04,0.01,1.00,0.54,1.22,14.11,77.09,0.66,0.00
726,0.00,0.48,0.20,0.31,0.05,0.00,0.43,0.56,0.00,0.35,0.10,0.01,4.72,2.62,1.84,42.03,46.21,0.00,0.00
727,0.00,0.15,0.00,0.00,0.00,0.00,0.00,0.15,0.00,0.00,0.00,0.00,0.62,2.74,1.42,32.12,62.75,0.00,0.00
728,0.00,0.41,0.02,0.13,0.02,0.00,0.00,0.23,0.00,0.00,0.00,0.17,11.60,3.48,1.86,16.85,65.22,0.00,0.00
729,0.00,0.11,0.00,0.00,0.09,0.00,0.00,0.17,0.00,0.00,0.00,0.21,2.24,3.83,1.11,59.07,32.67,0.00,0.00
730,0.00,0.00,0.00,0.00,0.03,0.00,0.00,0.05,0.00,0.00,0.00,0.00,0.03,0.17,0.98,32.33,66.42,0.00,0.00
731,0.00,0.34,0.01,0.28,0.06,0.01,0.06,0.29,0.20,0.52,0.06,0.23,2.96,1.00,0.40,4.86,88.02,0.00,0.00
732,0.10,1.25,1.92,2.04,0.62,1.47,4.19,1.88,3.40,3.20,1.12,0.05,25.00,7.87,1.85,7.75,35.96,0.00,0.00
733,0.17,1.61,1.78,1.25,0.24,0.01,5.51,1.82,2.81,3.32,0.01,0.68,9.25,22.93,5.02,4.82,34.17,0.00,0.00
734,0.00,0.44,0.28,0.09,0.14,0.01,0.82,0.76,0.41,2.73,0.01,0.04,0.46,0.64,1.35,5.26,83.75,0.00,0.00
735,0.00,0.11,0.03,0.00,0.02,0.00,0.03,0.24,0.00,0.27,0.00,0.00,0.26,0.02,0.27,5.92,91.72,0.20,0.00
736,0.01,0.26,0.11,0.03,0.05,0.00,0.10,0.56,0.00,0.36,0.05,0.13,2.96,1.57,1.66,42.74,47.24,0.00,0.00
737,0.03,0.43,0.53,0.11,0.09,0.07,1.32,0.74,1.79,1.11,0.08,0.07,0.57,1.77,2.79,15.55,72.24,0.00,0.00
738,0.02,0.12,0.03,0.03,0.01,0.00,0.18,0.33,0.20,0.18,0.00,0.00,0.11,0.25,1.05,3.27,92.11,0.20,0.00
739,0.00,0.06,0.02,0.01,0.01,0.00,0.06,0.15,0.04,0.13,0.00,0.02,0.48,0.24,0.61,0.29,96.99,0.46,0.00
740,0.00,0.15,0.04,0.00,0.01,0.04,0.07,0.20,0.09,0.15,0.00,0.00,5.33,1.29,3.87,43.83,44.80,0.00,0.00
741,0.02,0.85,0.67,0.21,0.10,0.10,3.91,1.78,0.00,3.89,0.02,0.01,5.61,0.83,1.54,3.27,52.04,0.50,0.00
742,0.00,0.17,0.02,0.01,0.01,0.00,0.06,0.32,0.11,0.23,0.00,0.00,0.60,0.04,0.06,2.31,95.90,0.00,0.00
743,0.01,0.26,0.16,0.06,0.18,0.04,1.03,1.39,0.95,3.47,0.00,0.04,1.42,0.36,1.56,2.94,85.71,0.04,0.00
744,0.09,1.96,3.33,1.23,0.97,2.35,9.24,2.52,1.92,6.67,0.19,0.03,23.42,5.09,7.43,9.57,22.74,0.00,0.00
745,0.00,0.34,0.01,0.01,0.01,0.00,0.02,0.27,0.00,0.02,0.00,0.00,0.65,0.09,0.42,1.10,97.03,0.00,0.00
746,0.13,0.91,0.40,0.18,0.17,0.45,1.77,1.16,0.00,3.21,0.03,0.01,0.14,0.99,18.89,50.72,19.89,0.00,0.00
747,0.42,1.09,2.66,0.19,1.83,3.78,8.25,0.60,8.30,2.15,0.00,0.02,0.02,0.02,1.07,22.68,45.98,0.00,0.00
748,11.07,1.67,3.12,3.94,2.85,1.23,1.61,0.96,12.26,0.43,0.02,0.00,9.82,1.20,1.70,3.66,17.58,0.00,0.00
749,0.56,2.30,5.22,3.99,1.53,5.85,7.75,1.27,6.28,1.42,0.15,0.04,10.35,12.24,3.75,29.58,7.38,0.00,0.00
750,0.04,0.77,1.29,0.47,1.07,1.94,4.80,0.75,7.13,0.89,0.00,0.03,0.26,0.07,0.04,9.07,69.94,0.10,0.00
751,0.01,11.77,17.65,5.99,12.52,36.33,2.88,1.69,8.73,0.01,0.06,0.04,0.01,0.02,0.00,0.00,1.26,0.00,0.00
752,0.24,8.94,17.99,9.54,5.36,34.03,11.12,1.59,4.75,0.20,0.00,0.01,2.25,2.00,0.01,0.03,1.05,0.00,0.00
753,0.05,1.79,4.97,1.21,1.89,2.78,7.97,2.67,6.86,2.13,0.01,0.06,5.18,4.89,1.30,35.19,19.89,0.00,0.00
754,0.00,2.08,2.55,0.84,0.77,0.55,7.45,3.66,0.95,2.15,0.02,0.01,42.91,9.15,3.01,14.96,8.67,0.00,0.00
755,0.41,2.46,4.51,1.59,2.36,4.59,10.42,4.60,9.27,4.98,0.12,0.06,20.54,2.01,1.01,5.37,24.42,0.33,0.00
756,0.08,1.41,1.76,0.25,1.66,2.24,12.83,1.45,7.69,1.69,0.00,0.00,0.92,0.36,0.18,14.19,51.93,0.00,0.00
757,0.00,0.06,0.01,0.07,0.01,0.00,0.02,0.31,0.00,0.01,0.00,0.07,0.23,0.09,0.69,11.87,86.42,0.00,0.00
758,0.00,0.08,0.00,0.00,0.01,0.00,0.00,0.08,0.00,0.00,0.01,0.04,0.13,0.42,0.86,11.80,86.47,0.00,0.00
759,0.00,0.73,0.23,0.19,0.08,0.20,0.81,1.07,0.43,2.30,0.03,0.03,2.76,12.22,1.29,0.30,76.26,0.05,0.00
760,0.00,1.09,0.71,0.34,0.27,0.84,2.44,1.39,1.69,4.94,0.06,0.23,3.40,12.88,1.55,0.47,66.66,0.00,0.00
761,0.01,1.44,0.96,0.58,0.53,0.97,3.98,1.59,3.59,7.68,0.05,0.29,6.51,14.12,0.74,0.24,55.38,0.01,0.00
762,0.00,0.49,0.21,0.16,0.06,0.12,0.46,0.94,0.01,2.11,0.01,0.03,4.95,11.27,1.19,0.89,75.84,0.45,0.00
763,0.13,0.68,0.34,0.22,0.15,0.24,1.10,1.42,0.03,1.93,0.02,0.07,12.69,18.25,1.57,0.51,59.04,0.05,0.00
764,0.00,0.61,0.27,0.15,0.04,0.14,0.90,1.11,0.34,1.44,0.12,0.22,2.61,12.57,1.02,1.04,76.64,0.13,0.00
765,0.00,0.31,0.07,0.05,0.00,0.00,0.08,0.72,0.00,0.17,0.00,0.10,0.36,5.18,0.16,0.24,90.14,0.26,0.00
766,0.00,0.50,0.10,0.04,0.03,0.00,0.15,1.19,0.00,0.17,0.01,0.10,0.56,14.78,0.57,1.42,79.95,0.05,0.00
767,0.06,0.39,0.08,0.05,0.01,0.02,0.18,0.64,0.00,0.33,0.01,0.05,9.90,21.34,1.81,1.87,60.85,0.97,0.00
768,0.06,0.82,0.48,0.49,0.09,0.14,1.18,1.42,0.23,2.23,0.02,0.13,20.75,33.96,1.43,0.61,34.93,0.40,0.00
769,0.87,0.34,0.10,0.03,0.04,0.10,0.36,0.67,0.46,1.45,0.02,0.02,6.42,10.09,1.40,0.77,74.99,0.48,0.00
770,0.06,1.26,0.98,0.65,0.32,1.10,2.42,1.50,2.08,1.86,0.02,0.06,6.96,39.47,1.39,1.12,36.65,0.26,0.00
771,0.02,0.99,0.46,0.52,0.07,0.11,1.18,1.40,0.47,0.65,0.02,0.01,34.16,36.73,1.04,0.48,21.44,0.03,0.00
772,0.40,0.33,0.16,0.07,0.03,0.02,0.49,0.85,0.71,1.06,0.01,0.03,4.05,15.25,1.20,1.12,69.66,0.18,0.00
773,0.93,0.69,0.52,0.35,0.10,0.11,1.34,1.76,0.33,0.75,0.03,0.04,12.81,34.57,1.19,1.14,40.17,0.01,0.00
774,0.04,0.99,0.84,0.34,0.19,0.46,2.50,1.22,2.47,0.68,0.03,0.04,3.84,31.49,1.29,0.79,50.63,0.08,0.00
775,0.07,1.15,0.79,0.39,0.14,0.09,2.16,2.21,1.00,1.29,0.02,0.09,6.46,43.77,0.71,1.13,36.66,0.45,0.00
776,1.23,0.51,0.25,0.03,0.04,0.00,1.20,1.81,1.12,1.13,0.00,0.03,3.83,31.54,1.17,0.50,55.08,0.00,0.00
777,0.01,0.51,0.09,0.02,0.02,0.01,0.15,0.96,0.00,0.32,0.00,0.02,2.51,33.74,1.84,2.39,56.95,0.02,0.00
778,0.00,1.66,1.44,0.72,0.37,0.89,2.70,1.68,0.68,0.79,0.01,0.05,6.42,67.25,1.02,0.35,13.04,0.15,0.00
779,0.19,0.32,0.08,0.02,0.05,0.03,0.37,0.64,0.00,0.43,0.00,0.04,4.74,15.37,1.13,0.42,73.48,0.65,0.00
780,1.43,0.53,0.16,0.05,0.05,0.08,0.53,0.67,0.01,0.70,0.00,0.12,7.20,32.24,1.29,0.23,53.25,0.72,0.00
781,3.90,0.76,0.70,0.43,0.13,0.75,1.06,0.68,0.49,0.59,0.06,0.02,60.59,5.81,0.19,0.05,16.86,0.38,0.00
782,0.22,0.72,0.30,0.13,0.09,0.24,0.94,0.97,0.23,1.11,0.05,0.06,56.02,8.62,0.63,0.42,27.49,0.16,0.00
783,1.25,0.69,0.24,0.17,0.07,0.07,0.79,1.05,0.22,1.50,0.14,0.10,43.16,12.67,0.71,0.58,35.29,0.06,0.00
784,9.25,0.82,0.51,0.47,0.11,0.24,0.75,0.60,0.27,0.37,0.02,0.05,57.77,3.80,0.20,1.15,10.29,0.19,0.00
785,6.78,1.86,1.37,1.97,0.28,1.34,2.26,0.77,2.36,0.33,0.02,0.08,50.59,6.04,0.16,0.04,11.07,0.13,0.00
786,0.36,0.77,0.99,0.29,0.39,1.15,1.96,0.78,1.23,1.23,0.00,0.08,22.59,25.70,1.45,0.40,39.44,0.14,0.00
787,0.49,0.21,0.03,0.01,0.01,0.00,0.10,0.43,0.00,0.67,0.00,0.02,2.35,6.25,0.80,0.00,86.70,0.67,0.00
788,0.27,0.33,0.04,0.03,0.01,0.00,0.06,0.48,0.00,0.23,0.04,0.01,6.04,15.24,1.34,2.71,70.36,1.88,0.00
789,0.16,0.47,0.24,0.06,0.08,0.15,0.64,0.54,0.02,0.19,0.00,0.01,61.52,12.12,0.49,0.05,22.66,0.03,0.00
790,1.07,0.64,0.33,0.16,0.10,0.18,1.12,0.90,0.03,0.52,0.03,0.03,48.73,20.47,1.02,0.46,22.36,0.10,0.00
791,0.45,0.69,0.05,0.23,0.02,0.00,0.30,0.96,0.00,0.51,0.13,0.01,18.91,41.29,1.26,0.15,34.05,0.46,0.00
792,0.04,0.42,0.26,0.05,0.08,0.11,0.87,0.95,0.15,0.63,0.00,0.21,18.54,28.22,1.33,0.19,45.72,1.50,0.00
793,0.13,0.98,0.32,0.32,0.10,0.24,0.75,1.11,0.04,0.52,0.00,0.01,58.16,10.83,0.61,0.59,24.93,0.06,0.00
794,16.82,0.48,0.16,0.10,0.03,0.14,0.29,0.38,0.04,0.10,0.00,0.00,65.32,1.29,0.03,0.06,7.03,0.01,0.00
795,7.78,0.44,0.08,0.01,0.09,0.07,0.28,0.42,0.00,0.04,0.00,0.00,82.10,2.36,0.07,0.01,4.82,0.00,0.00
796,3.64,0.62,0.23,0.10,0.05,0.11,0.67,0.52,0.00,0.05,0.01,0.01,89.24,1.32,0.02,0.03,2.35,0.01,0.00
797,17.08,0.49,0.11,0.07,0.03,0.10,0.24,0.30,0.04,0.08,0.00,0.00,70.43,0.97,0.02,0.01,6.53,0.00,0.00
798,8.23,0.61,0.22,0.08,0.05,0.06,0.66,0.58,0.23,0.48,0.00,0.00,58.97,7.43,0.21,0.18,18.44,0.03,0.00
799,33.69,0.26,0.06,0.01,0.02,0.02,0.15,0.20,0.00,0.10,0.00,0.01,51.28,1.66,0.04,0.01,8.33,0.00,0.00
800,8.41,0.53,0.11,0.04,0.02,0.03,0.36,0.38,0.00,0.13,0.00,0.00,81.13,1.92,0.04,0.03,5.64,0.04,0.00
801,14.09,0.64,0.27,0.22,0.04,0.10,0.39,0.47,0.52,0.19,0.01,0.00,59.30,2.61,0.04,0.04,14.67,0.00,0.00
802,11.31,0.69,0.39,0.11,0.05,0.25,0.67,0.41,0.39,0.18,0.01,0.01,71.39,1.44,0.01,0.02,9.42,0.00,0.00
803,4.88,0.43,0.12,0.04,0.02,0.03,0.32,0.52,0.00,0.20,0.00,0.00,76.56,2.22,0.00,0.03,12.71,0.00,0.00
804,25.63,0.87,1.09,1.17,0.29,1.57,1.83,1.51,1.01,0.75,0.06,0.01,36.60,9.59,0.27,0.12,10.10,0.02,0.00
805,43.96,0.10,0.01,0.00,0.00,0.00,0.00,0.35,0.00,0.00,0.00,0.00,37.68,2.27,0.02,0.06,11.90,0.00,0.00
806,33.51,0.54,0.12,0.14,0.01,0.02,0.41,0.58,0.01,0.25,0.01,0.00,39.54,9.60,0.34,0.10,11.07,0.00,0.00
807,74.21,0.25,0.06,0.24,0.02,0.01,0.13,0.42,0.10,0.23,0.01,0.01,7.06,1.84,0.08,0.02,6.62,0.01,0.00
808,46.67,0.14,0.18,0.16,0.06,0.22,0.41,0.16,0.47,0.35,0.01,0.05,0.74,1.03,0.03,0.00,11.50,0.07,0.00
809,0.58,0.35,0.27,0.11,0.08,0.13,0.94,0.86,0.15,2.18,0.02,0.08,15.02,14.13,1.38,0.14,62.64,0.20,0.00
810,5.35,0.89,0.62,0.31,0.16,0.53,1.44,1.00,1.04,0.99,0.01,0.03,32.08,20.74,1.66,0.20,31.58,0.04,0.00
811,1.25,0.40,0.10,0.06,0.01,0.02,0.29,0.46,0.00,0.64,0.01,0.13,3.89,13.93,1.37,0.45,76.48,0.00,0.00
812,6.14,1.22,1.95,0.92,0.45,0.93,6.08,2.21,4.02,4.80,0.05,0.27,5.62,15.80,0.83,0.41,47.25,0.00,0.00
813,29.93,0.82,0.68,0.41,0.17,0.22,1.63,1.15,1.46,1.92,0.03,0.07,2.23,3.37,0.19,0.37,54.16,0.20,0.00
814,19.95,0.97,1.70,0.47,0.54,1.11,3.44,1.92,2.79,1.80,0.40,0.88,13.83,17.34,0.38,1.75,28.28,0.52,0.00
815,5.80,1.20,1.74,0.32,0.34,0.40,3.22,2.92,2.37,3.27,0.09,0.18,11.90,16.33,0.11,1.24,42.35,0.32,0.00
816,22.62,0.93,0.80,0.26,0.34,0.17,1.34,1.26,2.04,1.29,0.04,0.02,8.63,15.43,0.36,0.85,38.11,0.41,0.00
817,21.76,0.49,0.05,0.02,0.01,0.00,0.10,0.37,0.00,0.20,0.11,0.23,3.39,1.50,0.08,0.31,70.80,0.13,0.00
818,19.66,1.10,0.83,0.50,0.20,0.46,1.62,1.17,2.34,1.31,0.08,0.15,3.41,2.64,0.13,0.47,62.04,0.03,0.00
819,80.26,0.08,0.00,0.00,0.01,0.00,0.00,0.03,0.00,0.00,0.00,0.00,0.01,0.02,0.00,0.00,15.08,4.25,0.00
820,7.64,0.79,0.32,0.07,0.05,0.04,0.69,0.83,0.00,0.83,0.00,0.00,23.55,6.09,0.34,0.75,57.76,0.00,0.00
821,67.83,0.30,0.10,0.18,0.01,0.00,0.37,0.22,0.98,0.30,0.06,0.10,0.48,0.60,0.05,0.01,21.87,0.06,0.00
822,30.82,0.90,0.87,0.76,0.39,0.32,1.69,0.90,2.83,3.20,0.17,0.05,1.52,1.63,0.08,0.08,41.33,1.02,0.00
823,34.30,1.59,2.44,2.09,1.22,0.61,5.68,2.09,5.97,5.19,0.79,0.21,0.44,0.46,0.04,0.03,23.86,2.28,0.00
824,74.61,0.13,0.39,0.05,0.12,0.00,1.28,1.04,0.79,0.61,0.02,0.00,0.00,0.02,0.00,0.00,15.39,1.04,0.00
825,52.53,0.21,0.08,0.03,0.03,0.01,0.10,0.13,0.02,0.18,0.00,0.01,22.43,1.47,0.05,0.04,10.14,0.46,0.00
826,66.13,0.33,0.13,0.03,0.15,0.00,0.28,0.37,0.65,0.31,0.00,0.07,3.27,1.73,0.06,0.06,11.60,14.32,0.00
827,5.29,4.98,8.80,2.25,3.67,11.88,10.88,2.89,9.82,2.81,0.14,0.18,16.81,4.02,0.01,0.10,11.84,0.35,0.00
828,78.04,0.42,0.55,0.36,0.25,0.13,1.35,0.46,0.07,0.94,0.00,0.01,0.01,0.00,0.00,0.00,7.08,0.65,0.00
829,0.09,0.26,0.05,0.02,0.01,0.00,0.08,0.66,0.00,0.15,0.01,0.03,0.13,1.05,0.07,0.02,81.24,13.78,0.00
830,0.01,0.11,0.00,0.00,0.00,0.00,0.01,0.08,0.00,0.03,0.00,0.01,0.00,0.00,0.00,0.03,56.27,42.78,0.01
831,0.00,0.02,0.00,0.00,0.00,0.00,0.00,0.00,0.00,0.00,0.00,0.00,0.00,0.00,0.00,0.28,40.18,58.77,0.01
832,0.01,0.04,0.01,0.00,0.00,0.00,0.00,0.02,0.00,0.00,0.00,0.00,0.00,0.01,0.00,0.48,51.59,47.73,0.02
833,0.04,0.09,0.04,0.00,0.01,0.00,0.00,0.14,0.00,0.00,0.00,0.00,0.05,0.43,0.05,3.42,94.34,0.77,0.00
834,0.00,0.02,0.17,0.00,0.02,0.00,0.09,0.25,0.00,0.11,0.00,0.00,0.06,0.19,0.00,0.65,91.84,0.43,0.00
835,0.13,0.14,0.01,0.00,0.00,0.00,0.00,0.08,0.00,0.00,0.00,0.01,0.00,0.00,0.00,0.16,68.54,26.92,0.00
836,0.09,0.45,0.08,0.04,0.03,0.03,0.26,0.65,0.00,0.26,0.00,0.02,1.27,1.63,0.11,1.26,92.32,0.51,0.00
837,0.00,0.00,0.00,0.00,0.00,0.00,0.00,0.00,0.00,0.00,0.00,0.00,0.00,0.00,0.00,0.00,10.78,89.08,0.00
838,0.49,1.86,2.08,1.09,0.45,0.80,7.43,2.24,0.37,2.11,0.02,0.16,16.27,25.24,4.29,3.48,30.41,0.29,0.00
839,0.04,0.33,0.12,0.03,0.07,0.00,0.30,1.33,0.10,0.39,0.01,0.01,1.72,6.10,1.74,2.55,84.24,0.65,0.00
840,0.00,0.79,0.44,0.25,0.14,0.08,1.20,1.08,0.01,0.78,0.00,0.06,0.96,21.08,2.16,1.94,68.60,0.00,0.00
841,0.00,0.13,0.00,0.00,0.06,0.00,0.00,0.07,0.00,0.00,0.00,0.00,0.00,0.00,0.00,0.00,88.39,11.23,0.00
842,0.00,0.17,0.02,0.02,0.02,0.00,0.09,0.47,0.00,0.12,0.00,0.04,0.06,1.08,0.22,0.21,96.09,1.33,0.00
843,0.00,0.00,0.00,0.00,0.00,0.00,0.00,0.13,0.00,0.00,0.00,0.00,0.00,0.01,0.01,0.05,75.33,24.37,0.00
844,0.00,0.52,0.01,0.00,0.00,0.00,0.02,0.18,0.00,0.10,0.00,0.02,0.04,0.20,0.12,1.05,93.92,3.62,0.00
845,0.11,0.00,0.00,0.00,0.00,0.00,0.00,0.13,0.00,0.00,0.00,0.00,0.00,0.00,0.00,0.05,97.82,1.87,0.00
846,0.01,0.30,0.01,0.01,0.02,0.00,0.01,0.25,0.00,0.04,0.00,0.00,0.00,0.06,0.04,0.03,94.92,3.95,0.00
847,0.00,0.00,0.00,0.00,0.01,0.00,0.00,0.05,0.00,0.00,0.00,0.00,0.00,0.00,0.00,0.00,98.86,1.04,0.00
848,0.00,0.27,0.02,0.02,0.04,0.00,0.02,0.25,0.01,0.10,0.00,0.03,0.02,0.02,0.01,0.53,94.46,1.33,0.00
849,0.00,0.00,0.00,0.00,0.00,0.00,0.00,0.09,0.00,0.00,0.00,0.00,0.00,0.00,0.00,0.19,99.69,0.01,0.00
850,0.00,0.00,0.00,0.00,0.00,0.00,0.00,0.03,0.00,0.00,0.00,0.00,0.00,0.00,0.00,0.30,74.02,25.56,0.00
851,0.00,0.03,0.00,0.00,0.00,0.00,0.00,0.02,0.00,0.00,0.00,0.00,0.01,0.01,0.00,0.11,98.74,0.96,0.00
852,0.00,0.00,0.00,0.00,0.00,0.00,0.00,0.00,0.00,0.00,0.00,0.00,0.00,0.00,0.00,2.58,78.86,17.77,0.00
853,0.00,0.21,0.00,0.00,0.00,0.00,0.01,0.04,0.00,0.04,0.00,0.00,0.68,0.92,0.28,6.17,91.65,0.00,0.00
854,0.00,0.11,0.02,0.01,0.00,0.01,0.07,0.18,0.00,0.26,0.01,0.00,0.26,0.74,0.09,1.53,95.72,0.62,0.00
855,0.00,0.00,0.00,0.00,0.00,0.00,0.00,0.09,0.00,0.00,0.00,0.00,0.00,0.00,0.00,0.49,79.92,19.32,0.00
856,0.02,0.20,0.06,0.07,0.03,0.02,0.14,0.20,0.00,0.43,0.01,0.11,2.98,0.27,0.02,5.00,89.94,0.44,0.05
857,0.00,0.05,0.01,0.03,0.00,0.01,0.02,0.02,0.01,0.09,0.00,0.23,0.00,0.00,0.00,0.68,95.96,2.85,0.02
858,0.00,0.00,0.00,0.00,0.00,0.00,0.00,0.02,0.00,0.00,0.00,0.00,0.00,0.00,0.00,0.00,72.14,27.82,0.00
859,0.00,0.00,0.00,0.00,0.00,0.00,0.00,0.00,0.00,0.00,0.00,0.00,0.01,0.00,0.00,1.83,98.15,0.00,0.00
860,0.00,0.14,0.01,0.00,0.00,0.00,0.01,0.05,0.00,0.13,0.10,0.05,0.03,0.04,0.00,7.39,91.71,0.28,0.05
861,0.33,1.12,2.07,1.30,0.86,2.17,4.54,1.34,1.42,1.03,0.28,0.30,28.95,13.65,1.31,27.22,10.97,0.23,0.00
862,0.02,1.14,0.97,0.25,0.22,0.56,1.95,1.14,0.84,0.74,0.03,0.17,50.93,15.18,2.96,16.10,6.57,0.02,0.00
863,5.03,0.44,0.08,0.04,0.02,0.00,0.12,0.32,0.00,0.02,0.00,0.00,85.72,1.82,0.03,0.71,5.19,0.00,0.00
864,0.06,0.66,1.08,0.24,0.15,0.94,1.88,1.00,0.35,0.83,0.04,0.02,45.78,6.35,1.94,28.89,8.72,0.30,0.00
865,2.60,1.34,1.37,0.50,0.47,1.19,1.92,1.02,0.51,0.28,0.01,2.06,68.27,4.67,0.27,1.60,8.12,0.20,0.00
866,0.00,0.00,0.01,0.00,0.00,0.00,0.00,0.07,0.00,0.00,0.00,0.00,3.81,1.11,0.56,78.65,15.74,0.00,0.00
867,0.13,1.26,0.88,0.43,0.35,0.51,1.38,0.78,0.34,0.22,0.10,0.24,70.12,9.23,0.67,9.72,3.44,0.00,0.00
868,2.32,1.16,0.44,0.47,0.07,0.18,0.38,0.73,0.10,0.08,0.32,0.00,70.78,10.75,0.57,3.50,6.40,0.00,0.00
869,6.39,0.41,0.33,0.61,0.12,0.19,0.34,0.55,0.38,0.15,0.01,0.00,54.10,7.69,0.82,1.18,8.58,2.03,0.00
870,0.34,0.79,1.18,0.77,0.26,1.47,2.26,1.34,0.37,0.50,0.00,0.02,84.23,3.78,0.13,1.06,1.29,0.00,0.00
871,0.02,3.33,6.41,2.94,1.18,7.08,7.97,1.59,1.04,0.32,0.00,0.00,59.92,6.16,0.33,0.47,1.14,0.00,0.00
872,9.03,0.39,0.17,0.22,0.07,0.01,0.28,0.39,0.06,0.15,0.01,0.00,47.50,14.49,0.90,6.93,17.69,0.00,0.00
873,0.26,1.45,2.01,0.96,0.45,1.66,3.91,1.89,0.36,0.40,0.00,0.03,57.94,19.32,0.43,4.66,3.95,0.00,0.00
874,0.02,1.71,0.86,0.53,0.13,0.34,1.38,1.13,0.14,0.40,0.01,0.20,59.04,10.90,0.53,17.46,3.99,0.00,0.00
875,0.01,0.75,1.08,0.43,0.17,0.85,2.08,0.94,0.22,0.37,0.01,0.01,67.99,15.85,0.74,3.49,4.73,0.00,0.00
876,0.04,0.63,0.30,0.37,0.00,0.03,0.09,0.31,0.00,0.03,0.00,0.00,91.37,2.75,0.20,1.30,2.33,0.00,0.00
877,0.38,0.41,0.33,0.09,0.05,0.07,0.46,0.27,0.00,0.08,0.00,0.01,71.50,15.65,0.94,2.32,5.33,0.00,0.00
878,0.01,0.58,0.52,0.38,0.20,0.99,0.43,0.43,0.59,0.26,0.05,0.02,20.81,2.83,3.92,44.91,23.01,0.00,0.00
879,0.00,1.00,1.11,0.46,0.17,0.91,1.42,0.67,0.44,0.34,0.01,0.27,52.57,14.32,2.50,10.53,12.90,0.00,0.00
880,0.00,0.47,0.10,0.12,0.00,0.00,0.02,0.38,0.00,0.00,0.04,1.78,40.16,6.53,1.02,25.03,24.18,0.00,0.00
881,0.17,0.57,0.08,0.02,0.05,0.00,0.04,0.16,0.00,0.00,0.00,0.00,56.01,11.16,4.01,20.27,6.18,0.00,0.00
882,0.04,0.06,0.00,0.00,0.00,0.00,0.00,0.01,0.00,0.00,0.00,0.00,0.36,0.64,0.40,9.13,88.50,0.72,0.00
883,0.05,0.08,0.01,0.01,0.01,0.01,0.05,0.06,0.10,0.03,0.00,0.00,3.92,0.82,0.31,5.98,88.33,0.16,0.00
884,0.02,0.01,0.00,0.00,0.00,0.00,0.00,0.01,0.00,0.00,0.00,0.00,0.27,0.07,0.04,3.14,96.08,0.35,0.00
885,0.33,0.19,0.01,0.00,0.00,0.00,0.00,0.11,0.00,0.00,0.00,0.01,4.16,4.81,0.83,2.54,86.37,0.33,0.00
886,4.77,0.27,0.03,0.01,0.01,0.00,0.07,0.09,0.00,0.08,0.01,0.00,2.47,13.05,1.81,0.96,66.87,0.07,0.00
887,0.07,0.08,0.00,0.00,0.00,0.00,0.00,0.01,0.00,0.02,0.00,0.01,0.20,0.33,0.69,9.51,87.12,1.42,0.00
888,0.05,0.04,0.00,0.00,0.00,0.00,0.00,0.01,0.00,0.00,0.00,0.00,0.11,0.23,0.34,3.49,94.15,1.45,0.00
889,0.00,0.25,0.01,0.01,0.00,0.00,0.00,0.16,0.00,0.00,0.00,0.00,15.89,5.03,1.38,37.76,39.48,0.00,0.00
890,0.14,0.28,0.04,0.02,0.01,0.00,0.12,0.19,0.00,0.05,0.09,0.01,33.75,3.31,0.78,16.20,43.33,0.01,0.00
891,0.02,0.02,0.00,0.00,0.00,0.00,0.00,0.00,0.00,0.00,0.00,0.01,0.01,0.01,0.08,1.68,93.42,4.73,0.00
892,0.00,0.00,0.00,0.00,0.00,0.00,0.00,0.00,0.00,0.00,0.00,0.03,0.00,0.00,0.00,0.18,43.83,55.92,0.00
893,0.32,0.17,0.00,0.00,0.00,0.00,0.00,0.05,0.00,0.00,0.00,0.01,0.40,1.60,2.54,4.90,89.31,0.50,0.00
894,8.30,0.08,0.00,0.00,0.00,0.00,0.00,0.00,0.00,0.00,0.00,0.00,3.12,0.45,0.23,0.21,72.61,0.00,0.00
895,0.00,0.30,0.07,0.00,0.03,0.00,0.01,0.14,0.55,0.12,0.00,0.02,0.01,0.06,0.01,6.14,90.17,2.31,0.06
896,0.03,0.08,0.00,0.00,0.04,0.00,0.00,0.07,0.00,0.00,0.00,0.00,0.00,0.00,0.02,12.86,86.45,0.43,0.02
897,0.01,0.21,0.03,0.01,0.05,0.00,0.01,0.29,0.00,0.07,0.01,0.03,0.38,0.24,0.00,2.05,96.49,0.03,0.05
898,0.00,0.19,0.01,0.00,0.00,0.00,0.00,0.01,0.00,0.00,0.01,0.01,0.02,0.01,0.00,0.00,99.30,0.22,0.17
899,0.00,1.19,1.77,0.17,1.47,0.45,5.15,2.18,4.89,2.59,0.05,0.14,1.03,0.75,0.00,3.80,73.70,0.58,0.00
900,0.01,0.77,0.53,0.20,0.08,0.29,0.73,0.66,0.43,0.68,0.05,0.00,24.22,22.39,0.28,0.02,27.94,0.07,0.05
901,0.38,0.48,0.45,0.06,0.14,0.10,0.75,0.91,0.10,0.98,0.00,0.00,22.24,22.03,0.40,0.52,45.69,0.16,0.06
902,0.00,0.00,0.00,0.00,0.00,0.00,0.00,0.00,0.00,0.00,0.00,0.18,0.00,0.00,0.00,0.00,99.81,0.00,0.00
903,0.00,0.04,0.00,0.01,0.01,0.00,0.00,0.01,0.00,0.00,0.00,0.02,0.00,0.01,0.00,0.64,98.67,0.56,0.02
904,0.00,0.28,0.04,0.05,0.01,0.01,0.03,0.09,0.03,0.10,0.04,0.02,1.72,0.46,0.02,2.43,94.54,0.08,0.02
905,0.03,0.08,0.02,0.01,0.04,0.01,0.04,0.14,0.22,0.11,0.01,0.17,0.01,0.02,0.00,0.65,96.52,1.46,0.01
906,0.11,0.34,0.30,0.13,0.10,0.25,0.53,0.36,1.11,0.45,0.02,0.36,0.64,0.40,0.01,6.49,88.21,0.04,0.01
907,0.00,0.31,0.00,0.01,0.00,0.00,0.00,0.03,0.00,0.00,0.01,0.01,0.08,0.10,0.00,1.09,98.30,0.01,0.04
908,0.12,1.21,2.34,0.71,0.65,2.40,3.18,1.42,5.19,1.66,0.10,0.02,32.42,4.18,0.02,0.84,43.33,0.00,0.00
909,2.53,0.53,0.44,0.41,0.10,0.10,0.57,0.73,1.40,0.25,0.06,0.08,31.92,5.27,0.06,0.99,54.07,0.00,0.00
910,1.67,1.38,0.48,0.60,0.06,0.10,0.50,0.89,0.01,1.26,0.04,0.05,34.99,5.67,0.11,0.45,50.53,0.04,0.03
911,2.10,0.14,0.03,0.01,0.00,0.00,0.04,0.16,0.00,0.14,0.00,0.01,3.24,1.07,0.01,0.06,89.49,0.09,0.02
912,4.51,0.33,0.03,0.03,0.00,0.00,0.04,0.20,0.00,0.10,0.01,0.00,0.89,0.44,0.01,0.03,85.70,0.83,0.02
913,2.56,0.19,0.04,0.06,0.01,0.04,0.07,0.19,0.01,0.21,0.00,0.01,0.47,0.43,0.02,0.01,86.73,0.29,0.00
914,2.68,0.84,0.36,0.12,0.03,0.10,0.68,1.27,0.62,2.40,0.01,0.08,4.10,5.78,0.40,0.10,75.41,0.13,0.00
915,2.06,0.90,0.50,0.32,0.13,0.10,1.83,1.96,0.13,10.27,0.05,0.07,1.85,4.16,0.25,0.16,67.54,0.48,0.00
916,5.15,0.40,0.19,0.06,0.06,0.01,0.49,1.29,0.01,3.09,0.18,0.05,2.55,0.80,0.05,0.23,76.25,4.02,0.00
917,9.85,1.54,0.77,0.28,0.12,0.25,1.05,1.24,3.72,1.38,0.03,0.05,2.08,2.27,0.02,0.06,71.48,0.24,0.00
918,0.88,3.53,3.43,2.37,1.49,6.12,7.45,1.33,5.75,6.10,0.06,0.05,21.65,19.66,0.23,0.15,18.59,0.14,0.00
919,3.10,1.19,0.50,0.34,0.45,0.17,0.96,0.94,0.60,1.43,0.04,0.04,14.05,20.70,0.20,0.34,34.34,0.51,0.00
920,2.35,1.45,1.14,0.43,0.62,0.87,2.64,1.07,1.21,2.68,0.04,0.20,20.71,29.91,0.37,0.12,29.54,0.00,0.00
921,6.15,0.47,0.19,0.10,0.07,0.14,0.38,0.52,0.01,1.20,0.02,0.02,7.22,23.55,0.95,1.01,51.52,0.00,0.03
922,3.28,0.51,0.18,0.25,0.05,0.08,0.35,0.46,0.01,1.02,0.02,0.09,7.88,20.50,0.81,0.64,61.91,0.00,0.00
923,1.42,1.40,0.77,0.25,0.34,0.65,1.11,0.97,1.13,2.82,0.03,0.05,15.32,28.79,0.66,0.53,42.38,0.00,0.00
924,2.38,3.14,3.57,1.42,1.66,3.24,16.67,2.03,8.02,13.59,0.14,0.45,4.48,3.09,0.03,0.45,30.09,1.14,0.00
925,11.33,2.05,1.60,0.69,0.60,0.87,5.95,1.76,6.70,6.41,0.14,0.70,6.78,1.88,0.02,0.02,49.93,1.46,0.00
926,24.97,4.15,4.58,0.72,3.43,9.41,11.20,1.70,6.21,5.58,0.82,0.11,1.68,1.19,0.00,0.02,18.24,1.12,0.00
927,5.15,3.22,4.47,2.28,1.72,4.47,10.46,1.98,8.87,3.24,0.03,0.09,25.42,13.76,0.15,0.12,13.69,0.09,0.00
928,0.07,4.26,5.18,1.09,2.41,5.46,11.41,1.57,7.46,3.40,0.02,0.01,4.72,0.84,0.07,0.00,51.03,0.00,0.00
929,0.13,2.70,4.78,3.29,1.47,4.26,7.51,2.59,3.54,2.82,0.07,0.14,36.09,6.93,1.80,2.52,17.67,1.05,0.00
930,0.00,1.09,2.04,0.87,1.76,2.37,8.71,1.64,11.78,2.97,0.11,0.05,0.92,0.90,0.17,2.56,61.39,0.07,0.00
931,0.03,7.19,18.81,10.49,5.69,38.46,8.37,1.37,4.96,0.35,0.06,0.04,1.54,1.01,0.01,0.14,1.02,0.00,0.00
932,0.22,5.14,10.33,6.59,5.31,12.83,14.43,2.93,17.94,1.07,0.41,0.04,2.57,1.19,0.03,1.10,16.67,0.00,0.05
933,0.05,1.32,3.60,1.75,1.69,2.50,11.79,2.06,12.60,4.30,0.01,0.02,4.28,1.60,0.21,3.42,48.17,0.00,0.01
934,0.02,0.44,0.23,0.01,0.26,0.00,0.99,1.80,0.54,1.86,0.02,0.02,2.78,0.56,0.39,0.26,87.51,1.76,0.05
935,0.05,0.84,0.01,0.01,0.07,0.00,0.00,0.65,0.00,0.00,0.00,0.00,0.01,0.00,0.01,0.00,97.42,0.36,0.15
936,0.00,0.00,0.00,0.00,0.01,0.00,0.00,0.00,0.00,0.00,0.01,0.00,0.09,0.14,0.00,15.17,83.20,0.00,0.00
937,0.00,0.02,0.05,0.89,0.03,0.06,0.07,0.46,0.17,0.28,0.12,0.13,0.00,0.27,0.00,2.49,93.60,0.00,0.00
938,0.40,3.63,8.13,3.47,1.99,5.60,14.92,3.82,9.46,2.74,0.06,0.09,13.16,6.97,0.79,4.74,19.19,0.00,0.00
939,0.01,0.34,0.56,0.15,0.44,0.02,2.83,2.95,4.61,3.46,0.09,0.03,2.33,0.84,0.97,11.17,68.14,0.01,0.00
940,0.02,0.13,0.05,0.08,0.04,0.00,0.24,0.94,0.40,0.40,0.00,0.01,3.07,0.15,0.03,1.08,92.90,0.40,0.00
941,0.00,0.09,0.00,0.01,0.01,0.00,0.00,0.06,0.00,0.02,0.07,0.00,0.01,0.00,0.00,0.00,79.94,19.72,0.00
942,0.00,0.00,0.00,0.00,0.00,0.00,0.00,0.00,0.00,0.00,0.00,0.00,0.00,0.00,0.00,0.00,68.55,31.44,0.00
943,0.01,0.27,0.05,0.10,0.00,0.00,0.21,0.66,0.01,0.72,0.00,0.19,0.11,0.27,0.31,2.39,84.82,9.66,0.00
944,0.00,0.00,0.00,0.00,0.00,0.00,0.00,0.00,0.00,0.00,0.00,0.00,0.00,0.01,0.00,0.00,39.37,60.59,0.00
945,0.03,0.23,0.05,0.02,0.06,0.00,0.15,0.48,0.81,0.21,0.01,0.01,0.13,0.29,0.09,0.56,91.66,4.73,0.00
946,0.01,0.19,0.28,0.01,0.06,0.06,1.97,0.52,0.02,2.27,0.00,0.00,0.01,0.01,0.01,0.08,79.92,14.03,0.00
947,0.00,0.37,0.04,0.02,0.04,0.01,0.12,0.29,0.01,0.16,0.00,0.03,0.15,0.33,0.39,6.06,91.58,0.35,0.00
948,0.03,0.11,0.04,0.01,0.00,0.00,0.00,0.34,0.00,0.00,0.00,0.00,0.12,0.58,0.16,0.38,97.47,0.51,0.00
949,0.06,0.03,0.06,0.00,0.00,0.00,0.00,0.23,0.00,0.00,0.00,0.00,0.17,0.46,0.04,0.19,87.84,10.77,0.00
950,0.01,0.38,0.11,0.07,0.03,0.04,0.45,0.56,0.00,0.41,0.00,0.02,6.28,1.10,0.32,3.05,85.36,0.25,0.00
951,0.04,0.20,0.13,0.05,0.06,0.04,0.32,0.36,0.00,0.50,0.02,0.01,0.31,0.07,0.12,0.35,95.97,1.37,0.00
952,0.46,0.07,0.01,0.00,0.00,0.00,0.01,0.03,0.00,0.02,0.00,0.00,0.06,0.12,0.05,1.17,96.40,1.52,0.00
953,13.47,0.34,0.05,0.01,0.02,0.00,0.04,1.31,0.00,0.15,0.00,0.00,0.25,1.88,1.31,1.03,75.42,2.09,0.00
954,2.11,0.62,0.21,0.10,0.04,0.07,0.48,0.38,0.00,0.26,0.06,0.01,28.94,18.34,2.74,9.94,18.04,0.39,0.00
955,0.54,0.07,0.00,0.00,0.00,0.00,0.00,0.02,0.00,0.02,0.00,0.00,0.05,0.07,0.33,2.84,95.71,0.00,0.00
956,1.35,0.19,0.00,0.00,0.00,0.00,0.01,0.10,0.00,0.01,0.00,0.01,0.80,0.13,0.02,0.46,95.94,0.31,0.00
957,0.55,0.10,0.01,0.00,0.00,0.01,0.01,0.05,0.00,0.02,0.00,0.01,1.47,0.52,0.23,16.19,78.59,0.07,0.00
958,0.00,1.06,0.28,0.05,0.12,0.09,0.41,0.75,0.00,0.73,0.01,0.00,21.26,9.06,1.46,25.38,36.13,2.54,0.00
959,0.49,0.61,0.10,0.00,0.00,0.00,0.14,0.35,0.00,0.13,0.00,0.00,16.08,19.59,8.74,21.65,30.35,0.00,0.00
960,0.02,0.06,0.00,0.00,0.00,0.00,0.00,0.01,0.00,0.00,0.00,0.00,0.01,0.07,0.22,1.71,86.42,11.41,0.00
961,0.00,0.00,0.00,0.00,0.00,0.00,0.00,0.00,0.00,0.00,0.00,0.00,0.00,0.00,0.00,0.20,33.50,66.20,0.00
962,0.02,0.03,0.00,0.00,0.00,0.00,0.00,0.01,0.00,0.00,0.00,0.00,0.02,0.17,0.12,73.10,26.25,0.00,0.00
963,0.02,0.15,0.01,0.00,0.00,0.00,0.01,0.05,0.00,0.06,0.00,0.00,0.27,0.94,0.19,4.35,90.32,0.02,0.00
964,0.02,0.15,0.00,0.00,0.00,0.00,0.00,0.02,0.00,0.00,0.00,0.01,0.00,0.00,0.04,1.70,97.97,0.00,0.00
965,0.00,0.04,0.00,0.00,0.00,0.00,0.00,0.08,0.00,0.00,0.00,0.01,0.14,0.27,0.89,13.97,84.41,0.00,0.00
966,0.06,0.04,0.00,0.00,0.01,0.00,0.00,0.02,0.00,0.01,0.00,0.01,1.28,1.52,0.03,13.85,78.52,4.23,0.00
967,0.00,0.00,0.00,0.00,0.00,0.00,0.00,0.07,0.00,0.00,0.00,0.00,0.30,1.30,0.84,11.17,78.42,6.77,0.00
