uniqid_eco4,NLCD06_11_eco4,NLCD06_12_eco4,NLCD06_21_eco4,NLCD06_22_eco4,NLCD06_23_eco4,NLCD06_24_eco4,NLCD06_31_eco4,NLCD06_41_eco4,NLCD06_42_eco4,NLCD06_43_eco4,NLCD06_52_eco4,NLCD06_71_eco4,NLCD06_81_eco4,NLCD06_82_eco4,NLCD06_90_eco4,NLCD06_95_eco4,NLCD06_9999_eco4
1,3.75,0.00,2.33,0.99,0.44,0.10,0.10,0.07,6.31,0.01,64.74,5.15,2.22,11.40,0.18,2.24,0.00
2,0.02,0.00,2.84,0.27,0.07,0.01,0.00,0.01,0.18,0.01,18.19,1.04,0.14,77.00,0.04,0.17,0.00
3,0.06,0.00,2.28,0.22,0.08,0.01,0.04,0.02,0.27,0.02,56.16,2.61,1.35,36.54,0.07,0.26,0.00
4,1.14,0.00,2.35,0.34,0.04,0.01,0.01,0.03,0.38,0.00,56.81,2.82,1.55,34.00,0.03,0.49,0.00
5,4.50,0.00,4.00,2.68,1.24,0.16,0.01,0.07,0.05,0.01,36.40,2.79,3.83,42.41,0.81,1.04,0.00
6,1.32,0.00,2.90,0.93,0.29,0.03,0.00,0.20,2.46,0.06,15.30,29.28,0.83,46.17,0.09,0.14,0.00
7,0.07,0.00,1.56,0.56,0.16,0.02,0.03,0.11,1.90,0.03,66.31,6.38,2.17,20.41,0.17,0.12,0.00
8,0.00,0.00,3.69,0.70,0.23,0.04,0.00,0.11,3.71,0.01,2.34,1.24,0.06,87.60,0.05,0.21,0.00
9,0.00,0.00,3.74,0.49,0.09,0.01,0.01,0.03,5.64,0.10,5.51,5.86,0.30,77.60,0.04,0.60,0.00
10,0.02,0.00,3.05,0.28,0.04,0.01,0.03,0.02,11.00,0.00,2.57,14.76,0.11,68.07,0.02,0.03,0.00
11,1.25,0.00,0.44,0.04,0.01,0.00,1.38,0.02,1.18,0.01,93.29,1.03,0.23,0.83,0.07,0.21,0.00
12,4.32,0.00,1.64,0.83,0.49,0.10,0.05,0.12,4.34,0.03,24.98,54.31,0.24,8.29,0.13,0.13,0.00
13,3.14,0.00,2.67,1.57,0.42,0.07,0.12,0.11,6.13,0.01,65.26,11.53,6.22,1.60,0.46,0.65,0.02
14,0.00,0.00,0.63,0.08,0.02,0.00,0.00,0.01,7.93,0.00,74.33,10.47,1.14,4.81,0.31,0.26,0.00
15,0.25,0.00,0.77,0.12,0.01,0.00,0.06,0.00,7.41,0.00,88.30,0.77,0.89,0.34,0.14,0.95,0.00
16,0.02,0.00,0.24,0.00,0.00,0.00,0.00,0.00,68.28,0.00,30.42,0.42,0.14,0.07,0.07,0.33,0.00
17,0.02,0.00,0.72,0.13,0.02,0.00,0.00,0.00,61.79,0.00,29.34,6.02,0.04,1.56,0.09,0.25,0.00
18,0.19,0.00,0.40,0.04,0.00,0.00,0.00,0.00,73.05,0.00,24.00,1.82,0.03,0.01,0.02,0.42,0.00
19,0.36,0.00,0.28,0.05,0.00,0.00,0.04,0.00,79.20,0.04,12.17,7.55,0.00,0.26,0.00,0.04,0.00
20,0.09,0.00,0.53,0.09,0.00,0.00,0.00,0.00,72.44,0.02,13.57,12.75,0.11,0.34,0.03,0.03,0.00
21,0.74,0.00,0.24,0.11,0.03,0.00,0.02,0.01,30.30,0.00,24.38,42.60,0.15,1.23,0.14,0.04,0.00
22,0.01,0.00,0.21,0.00,0.00,0.00,0.00,0.00,74.46,0.00,24.34,0.43,0.00,0.00,0.03,0.51,0.00
23,0.58,0.00,0.60,0.09,0.02,0.00,0.02,0.00,7.11,0.00,83.53,5.00,1.01,1.58,0.14,0.33,0.00
24,0.21,0.00,2.81,1.21,0.27,0.03,0.05,0.00,5.39,0.00,22.33,27.17,0.34,39.85,0.11,0.24,0.00
25,0.04,0.00,0.39,0.09,0.00,0.00,0.13,0.01,85.39,0.01,9.77,3.88,0.03,0.11,0.00,0.15,0.00
26,0.33,0.03,0.05,0.01,0.00,0.00,12.18,0.00,57.09,0.00,17.06,13.18,0.00,0.00,0.00,0.07,0.00
27,0.55,0.00,4.05,2.66,0.44,0.07,0.16,0.00,2.07,0.00,74.58,1.04,0.06,13.92,0.36,0.03,0.00
28,0.79,0.00,1.61,0.07,0.01,0.00,0.00,0.00,11.73,0.00,69.07,1.54,0.73,0.07,2.20,12.17,0.00
29,2.56,0.00,8.79,4.58,1.23,0.17,0.01,0.00,0.01,0.00,5.33,12.39,10.30,53.98,0.23,0.41,0.00
30,0.00,0.00,0.33,0.10,0.03,0.00,69.16,0.00,0.07,0.00,26.87,1.12,0.06,2.21,0.02,0.01,0.00
31,0.52,0.00,2.44,1.23,0.25,0.04,0.38,0.00,0.80,0.00,28.56,47.01,5.27,6.35,3.56,3.58,0.00
32,0.41,0.00,3.29,0.29,0.03,0.01,0.00,1.18,3.14,0.09,17.25,9.03,1.50,60.48,2.15,1.16,0.00
33,6.21,0.00,6.13,2.86,1.22,0.19,0.09,0.00,0.01,0.00,4.00,1.35,5.51,64.70,7.37,0.36,0.00
34,0.57,0.00,0.44,0.15,0.03,0.00,0.03,0.16,3.88,0.00,74.81,14.93,1.54,2.96,0.21,0.29,0.00
35,0.41,0.00,1.64,0.20,0.04,0.00,0.83,0.02,0.59,0.00,64.28,14.95,2.08,14.47,0.09,0.39,0.00
36,0.42,0.00,1.78,0.47,0.27,0.07,0.01,0.00,0.02,0.00,42.03,44.92,2.67,7.27,0.04,0.03,0.00
37,0.99,0.00,5.92,2.02,0.67,0.14,0.02,0.00,0.01,0.00,5.04,6.06,15.91,63.10,0.11,0.01,0.00
38,0.61,0.00,1.26,0.22,0.04,0.00,0.02,0.00,0.10,0.00,42.19,46.69,2.41,6.31,0.07,0.07,0.00
39,19.73,0.00,0.10,0.12,0.06,0.04,65.39,0.00,0.00,0.00,13.21,0.12,0.37,0.02,0.02,0.84,0.00
40,0.97,0.00,1.74,2.89,2.02,0.78,0.17,0.03,1.64,0.00,76.74,6.91,3.34,1.25,0.45,1.06,0.00
41,0.03,0.00,2.75,0.55,0.08,0.03,0.00,0.02,1.91,0.00,31.23,49.99,6.70,1.38,0.00,5.33,0.00
42,0.26,0.00,2.48,0.73,0.06,0.00,2.57,0.04,0.42,0.01,81.79,1.47,3.17,2.60,0.46,3.93,0.00
43,22.83,0.00,0.38,0.37,0.03,0.00,1.13,0.01,0.29,0.00,72.07,2.19,0.23,0.00,0.35,0.12,0.00
44,0.07,0.00,0.79,0.06,0.00,0.00,0.30,0.00,0.49,0.00,93.07,4.18,0.59,0.10,0.14,0.21,0.00
45,0.15,0.00,0.47,0.29,0.10,0.05,4.61,0.00,0.04,0.00,80.21,10.69,2.27,0.65,0.09,0.37,0.00
46,0.86,0.00,0.98,0.62,0.27,0.05,0.52,0.07,3.30,0.00,73.85,12.41,5.15,1.65,0.12,0.15,0.00
47,0.01,0.00,0.25,0.12,0.05,0.00,0.17,0.99,54.34,0.04,41.46,2.29,0.15,0.00,0.12,0.01,0.00
48,0.00,0.07,0.01,0.00,0.00,0.00,3.60,2.55,61.75,1.37,22.20,8.44,0.00,0.00,0.02,0.00,0.00
49,9.89,0.00,10.32,20.22,16.06,6.19,0.16,0.27,0.34,0.00,5.06,1.29,16.87,9.64,1.68,2.00,0.00
50,13.18,0.00,0.29,0.24,0.04,0.01,30.87,0.00,0.04,0.00,21.70,0.36,4.52,1.23,0.42,27.09,0.00
51,8.43,0.00,0.25,0.17,0.01,0.00,50.49,0.00,0.00,0.00,39.02,0.42,0.46,0.18,0.16,0.41,0.00
52,0.67,0.00,5.32,2.43,0.72,0.29,0.27,0.55,0.43,0.00,11.85,6.65,23.12,44.03,1.02,2.65,0.00
53,0.88,0.00,0.68,0.53,0.10,0.02,5.93,0.00,0.00,0.00,85.82,1.96,1.43,1.71,0.54,0.40,0.00
54,0.05,0.00,0.11,0.01,0.00,0.00,0.56,0.01,1.24,0.00,86.05,11.53,0.22,0.07,0.13,0.01,0.00
55,0.00,0.00,0.02,0.00,0.00,0.00,0.24,0.33,23.48,0.01,69.45,6.28,0.01,0.00,0.19,0.00,0.00
56,0.17,0.00,0.93,0.18,0.03,0.00,0.47,0.05,0.31,0.00,83.26,10.10,2.45,0.19,1.78,0.06,0.00
57,0.01,0.00,0.39,0.07,0.00,0.00,0.04,23.51,6.05,0.09,57.42,6.00,3.86,0.00,1.20,1.37,0.00
58,0.30,0.00,0.04,0.00,0.00,0.00,1.86,12.88,13.96,1.11,42.45,26.99,0.00,0.00,0.40,0.01,0.00
59,0.00,0.00,0.43,0.13,0.03,0.00,0.12,0.01,4.14,0.00,89.99,3.23,1.47,0.09,0.10,0.26,0.00
60,0.01,0.00,0.11,0.03,0.00,0.00,0.19,0.21,61.89,0.01,33.83,3.67,0.01,0.00,0.03,0.00,0.00
61,0.01,0.00,0.22,0.02,0.00,0.00,0.10,0.00,3.06,0.00,91.17,4.70,0.39,0.02,0.26,0.02,0.00
62,0.00,0.00,0.06,0.00,0.00,0.00,0.00,0.07,63.41,0.01,32.85,3.46,0.01,0.00,0.12,0.00,0.00
63,0.00,0.00,0.03,0.00,0.00,0.00,0.07,2.68,39.00,0.53,54.78,2.79,0.00,0.00,0.13,0.00,0.00
64,0.02,0.00,0.36,0.15,0.01,0.00,1.11,0.00,0.01,0.00,96.90,0.80,0.36,0.24,0.01,0.02,0.00
65,0.00,0.00,0.12,0.01,0.00,0.00,0.13,0.00,2.59,0.00,95.23,1.90,0.00,0.00,0.01,0.00,0.00
66,0.00,0.00,0.09,0.01,0.00,0.00,0.01,0.00,55.36,0.00,35.28,9.23,0.00,0.00,0.01,0.00,0.00
67,0.01,0.00,0.22,0.08,0.01,0.00,0.21,0.11,35.75,0.01,60.47,2.96,0.02,0.00,0.06,0.08,0.00
68,0.03,0.00,0.05,0.00,0.00,0.00,1.78,0.54,27.08,0.30,55.81,14.35,0.00,0.00,0.04,0.01,0.00
69,0.03,0.00,1.04,0.33,0.05,0.00,1.83,0.00,0.00,0.00,76.20,11.75,4.15,1.42,3.17,0.03,0.00
70,0.03,0.00,1.35,1.17,1.12,0.42,6.86,0.00,0.04,0.01,85.51,3.30,0.03,0.09,0.05,0.02,0.00
71,0.04,0.00,0.17,0.09,0.01,0.00,1.43,0.00,0.79,0.01,94.92,2.52,0.02,0.00,0.02,0.00,0.00
72,0.00,0.00,0.06,0.07,0.01,0.00,0.14,0.06,47.74,0.27,49.11,2.54,0.00,0.00,0.00,0.00,0.00
73,0.00,0.00,0.00,0.00,0.00,0.00,0.24,0.66,78.59,3.11,15.85,1.55,0.00,0.00,0.00,0.00,0.00
74,8.54,0.00,0.81,1.11,0.46,0.09,4.24,0.00,0.01,0.01,80.59,0.19,0.55,0.97,1.64,0.79,0.00
75,1.74,0.00,0.41,0.37,0.05,0.01,71.33,0.02,0.00,0.00,25.52,0.13,0.04,0.09,0.14,0.15,0.00
76,0.02,0.00,0.78,1.17,0.14,0.02,5.50,0.00,0.01,0.00,91.53,0.20,0.19,0.28,0.17,0.00,0.00
77,0.02,0.00,0.30,0.24,0.02,0.00,22.70,0.00,0.00,0.00,76.64,0.01,0.02,0.03,0.00,0.01,0.00
78,0.00,0.00,0.23,0.35,0.08,0.01,41.89,0.00,0.00,0.00,57.29,0.11,0.00,0.00,0.03,0.00,0.00
79,0.11,0.00,3.26,1.70,0.79,0.12,7.99,0.00,0.03,0.01,79.87,3.91,1.19,0.82,0.13,0.05,0.00
80,0.00,0.00,0.34,0.08,0.01,0.00,1.70,0.00,0.09,0.00,97.49,0.28,0.00,0.00,0.00,0.00,0.00
81,0.00,0.00,0.00,0.00,0.00,0.00,0.05,0.00,25.63,0.11,73.13,1.07,0.00,0.00,0.00,0.00,0.00
82,0.00,0.00,0.00,0.00,0.00,0.00,0.09,0.20,76.26,1.82,20.40,1.24,0.00,0.00,0.00,0.00,0.00
83,0.00,0.00,0.18,0.19,0.02,0.00,29.13,0.00,0.05,0.00,70.33,0.09,0.00,0.00,0.00,0.00,0.00
84,0.00,0.00,0.12,0.03,0.00,0.00,72.99,0.00,0.00,0.00,26.79,0.04,0.00,0.00,0.02,0.01,0.00
85,0.62,0.00,0.00,0.00,0.00,0.00,11.13,0.00,1.80,0.00,85.21,0.93,0.00,0.00,0.26,0.05,0.00
86,0.48,0.00,0.43,0.26,0.13,0.00,0.04,0.09,74.19,0.00,19.57,3.70,0.48,0.09,0.23,0.30,0.00
87,1.57,0.00,2.78,1.88,0.14,0.01,0.05,0.00,1.88,0.00,11.83,47.01,25.13,7.43,0.17,0.12,0.00
88,20.15,0.00,4.36,2.50,0.68,0.12,0.00,0.28,7.60,0.01,2.78,16.93,23.09,17.81,3.38,0.30,0.00
89,1.40,0.00,2.02,1.79,0.52,0.07,0.00,0.42,16.88,0.01,59.98,6.89,6.37,2.55,0.64,0.47,0.00
90,0.46,0.00,0.44,0.22,0.06,0.00,0.01,0.23,40.82,0.00,8.35,47.79,1.07,0.24,0.27,0.03,0.00
91,0.04,0.00,3.67,0.38,0.04,0.01,0.00,0.46,16.40,0.02,12.63,7.35,0.03,58.66,0.12,0.20,0.00
92,0.42,0.00,0.26,0.20,0.03,0.00,0.00,0.02,36.79,0.00,49.89,11.09,0.14,0.18,0.63,0.31,0.03
93,0.48,0.08,0.00,0.00,0.00,0.00,0.32,0.00,70.06,0.00,21.41,7.59,0.01,0.00,0.00,0.02,0.00
94,0.05,0.00,0.02,0.01,0.01,0.00,0.01,0.01,81.91,0.03,17.25,0.43,0.01,0.01,0.10,0.16,0.00
95,2.66,0.00,2.35,0.51,0.12,0.02,0.15,0.63,42.58,0.07,17.15,23.93,0.02,9.45,0.16,0.19,0.00
96,1.33,0.00,0.30,0.22,0.04,0.00,0.01,0.02,84.47,0.00,11.13,1.15,0.19,0.42,0.15,0.56,0.00
97,1.34,0.00,0.30,0.23,0.07,0.00,0.07,0.15,75.62,0.00,18.71,2.35,0.28,0.08,0.33,0.45,0.00
98,3.25,0.00,2.89,2.04,0.29,0.04,0.01,0.92,38.90,0.00,14.47,5.87,0.09,26.93,1.77,2.52,0.01
99,0.01,0.00,0.87,0.27,0.02,0.00,0.00,0.02,58.44,0.00,32.51,3.65,0.01,3.48,0.34,0.38,0.00
100,0.39,0.00,0.27,0.23,0.18,0.03,0.04,0.07,86.12,0.02,10.83,0.62,0.08,0.01,0.48,0.63,0.00
101,0.32,0.00,0.16,0.07,0.02,0.01,0.02,0.04,70.85,0.02,27.58,0.38,0.01,0.00,0.16,0.35,0.00
102,0.67,0.00,0.39,0.17,0.02,0.00,0.03,0.11,87.11,0.01,9.62,0.89,0.07,0.03,0.47,0.39,0.01
103,3.09,0.00,0.68,0.53,0.12,0.01,0.03,0.35,63.95,0.00,19.18,8.21,1.14,1.38,0.70,0.61,0.01
104,1.88,0.00,5.33,9.57,5.63,0.96,0.03,0.02,38.17,0.00,16.58,9.99,1.24,9.48,0.27,0.84,0.00
105,4.98,0.00,1.76,0.93,0.22,0.03,0.03,2.46,70.77,0.06,7.71,2.46,3.47,1.06,3.11,0.96,0.00
106,14.06,0.00,0.73,0.92,0.22,0.03,0.05,0.21,64.71,0.01,10.00,3.83,0.92,0.85,2.15,1.32,0.00
107,4.18,0.00,1.10,0.69,0.10,0.01,0.01,0.06,62.22,0.01,21.55,3.62,0.08,5.55,0.30,0.50,0.00
108,0.98,0.00,0.15,0.20,0.01,0.00,0.04,0.02,82.95,0.00,12.71,2.34,0.05,0.01,0.13,0.41,0.00
109,0.04,0.00,0.30,0.09,0.01,0.00,0.00,0.13,78.76,0.00,17.79,2.42,0.03,0.01,0.30,0.09,0.03
110,0.57,0.00,0.11,0.07,0.01,0.00,0.01,0.10,89.51,0.00,8.49,0.78,0.05,0.03,0.18,0.09,0.01
111,0.09,0.00,0.10,0.04,0.01,0.00,0.03,0.02,67.43,0.00,17.68,13.99,0.15,0.18,0.26,0.03,0.00
112,0.06,0.00,0.07,0.03,0.01,0.00,0.03,0.00,87.96,0.00,9.00,2.65,0.02,0.00,0.11,0.06,0.00
113,0.22,0.00,0.45,0.05,0.00,0.00,0.00,0.12,82.31,0.35,15.39,1.03,0.00,0.01,0.04,0.03,0.00
114,0.05,0.10,0.20,0.18,0.04,0.01,0.10,0.05,46.49,0.00,37.71,14.18,0.11,0.03,0.27,0.48,0.00
115,0.25,0.02,0.01,0.00,0.00,0.00,0.07,0.00,73.30,0.00,14.39,11.78,0.02,0.00,0.15,0.02,0.00
116,0.45,0.00,0.22,0.14,0.03,0.00,0.25,0.10,8.70,0.00,56.98,31.30,0.75,0.44,0.37,0.28,0.00
117,9.07,0.00,1.83,0.64,0.12,0.01,0.03,0.13,38.49,0.00,22.49,10.97,6.01,2.74,4.46,3.00,0.00
118,0.77,2.07,0.00,0.00,0.00,0.00,1.70,0.00,40.53,0.00,12.51,42.34,0.00,0.00,0.02,0.06,0.00
119,0.03,0.00,0.06,0.02,0.00,0.00,0.01,0.00,86.23,0.00,8.67,4.65,0.04,0.18,0.07,0.04,0.00
120,0.24,0.00,0.09,0.06,0.01,0.00,0.01,0.45,57.99,0.00,28.16,12.78,0.11,0.00,0.07,0.03,0.00
121,0.18,0.01,0.05,0.02,0.00,0.00,0.08,0.28,63.08,0.00,24.30,11.54,0.03,0.01,0.27,0.15,0.00
122,0.13,0.00,0.96,0.61,0.22,0.05,0.15,0.32,26.46,0.00,29.92,38.38,0.63,1.18,0.51,0.49,0.00
123,0.33,0.00,2.07,1.23,0.58,0.04,0.13,0.02,1.30,0.05,39.11,37.90,10.60,5.02,0.87,0.75,0.00
124,0.07,0.00,0.29,0.12,0.02,0.00,0.07,0.08,6.31,0.03,53.68,37.76,0.91,0.13,0.20,0.34,0.00
125,0.11,0.00,1.16,0.17,0.05,0.00,0.04,0.15,7.94,0.00,7.64,76.73,5.77,0.00,0.21,0.03,0.00
126,0.00,0.00,0.00,0.00,0.00,0.00,0.58,0.00,60.60,0.00,14.26,24.55,0.01,0.00,0.00,0.00,0.00
127,0.10,0.00,0.00,0.00,0.00,0.00,0.29,0.00,80.45,0.00,2.86,16.14,0.01,0.00,0.08,0.06,0.00
128,8.05,0.00,0.92,0.03,0.00,0.00,0.01,0.01,1.13,0.03,29.45,36.13,0.13,0.00,0.15,23.94,0.00
129,0.14,0.00,0.12,0.01,0.00,0.00,0.06,0.00,81.91,0.00,5.10,12.04,0.59,0.00,0.03,0.00,0.00
130,0.06,0.00,0.13,0.03,0.00,0.00,0.04,0.00,64.49,0.03,8.73,26.13,0.32,0.00,0.03,0.00,0.00
131,0.07,0.01,0.23,0.09,0.03,0.00,0.08,0.00,79.77,0.07,8.85,10.59,0.14,0.02,0.05,0.00,0.00
132,0.02,0.00,0.32,0.23,0.07,0.00,0.05,0.03,67.44,0.63,14.59,16.22,0.18,0.08,0.13,0.00,0.00
133,0.36,0.00,2.21,1.16,0.37,0.02,0.37,0.01,9.78,0.01,28.50,39.16,10.71,5.15,2.16,0.01,0.00
134,0.01,0.00,0.07,0.03,0.00,0.00,0.02,0.01,65.79,0.17,23.35,10.07,0.34,0.03,0.10,0.00,0.00
135,0.98,0.00,0.19,0.08,0.02,0.00,0.09,0.00,81.75,0.00,12.56,4.01,0.14,0.07,0.10,0.00,0.00
136,0.05,0.00,0.03,0.00,0.00,0.00,2.19,0.30,56.99,0.08,28.93,10.86,0.01,0.00,0.33,0.23,0.00
137,0.06,0.00,0.06,0.00,0.00,0.00,0.26,0.87,54.77,0.37,32.46,10.10,0.02,0.00,0.55,0.47,0.00
138,0.11,0.00,0.72,0.28,0.08,0.01,0.04,0.60,72.73,0.09,10.68,14.21,0.34,0.01,0.02,0.06,0.00
139,0.13,0.00,0.52,0.24,0.05,0.01,0.24,1.18,88.47,0.43,2.67,5.97,0.01,0.00,0.01,0.06,0.00
140,0.44,0.00,0.00,0.00,0.00,0.00,0.14,0.45,62.80,0.04,27.99,7.70,0.06,0.01,0.20,0.18,0.00
141,0.01,0.01,0.01,0.00,0.00,0.00,1.48,0.14,51.10,0.02,22.32,24.74,0.01,0.00,0.06,0.09,0.00
142,0.05,0.01,0.07,0.00,0.00,0.00,3.29,0.02,76.63,0.01,11.10,8.77,0.04,0.00,0.01,0.00,0.00
143,0.18,0.00,0.16,0.02,0.00,0.00,0.02,2.09,56.73,0.32,30.46,7.69,0.12,0.01,1.10,1.10,0.00
144,0.74,0.80,0.01,0.00,0.00,0.00,13.35,0.25,18.60,0.23,29.87,36.06,0.01,0.00,0.05,0.03,0.00
145,0.16,0.00,0.17,0.02,0.00,0.00,0.18,0.23,51.86,0.07,34.44,11.28,0.11,0.01,0.60,0.86,0.00
146,6.29,0.00,0.37,0.05,0.02,0.00,0.06,0.96,53.93,0.05,28.48,6.83,0.03,0.04,1.10,1.80,0.00
147,1.52,0.00,0.18,0.03,0.01,0.00,0.33,2.39,61.93,0.22,23.77,9.02,0.02,0.00,0.37,0.21,0.00
148,0.36,0.00,0.11,0.01,0.00,0.00,0.45,0.46,67.57,0.06,21.59,8.99,0.02,0.01,0.27,0.10,0.00
149,0.10,0.00,0.17,0.05,0.01,0.00,0.16,1.22,48.22,0.03,32.60,17.09,0.03,0.00,0.19,0.11,0.00
150,5.25,0.00,2.00,0.44,0.09,0.01,0.10,1.43,14.77,0.25,42.75,13.81,4.82,2.50,3.39,8.40,0.00
151,0.88,0.00,0.16,0.01,0.00,0.00,0.13,5.72,47.38,0.14,36.07,8.60,0.11,0.23,0.26,0.29,0.00
152,1.10,0.00,1.76,0.45,0.04,0.00,0.01,0.03,24.00,0.19,5.69,42.28,13.57,3.48,7.41,0.01,0.00
153,0.02,0.00,0.21,0.08,0.03,0.00,0.78,0.17,78.96,0.13,4.98,14.38,0.19,0.01,0.06,0.00,0.00
154,0.05,0.00,0.13,0.04,0.02,0.00,0.04,2.63,50.14,0.65,22.35,21.75,0.22,0.00,1.96,0.02,0.00
155,0.61,0.00,4.63,3.83,1.68,0.26,0.02,0.02,17.33,0.01,19.93,22.70,17.53,4.93,2.30,4.20,0.00
156,0.00,0.00,0.18,0.01,0.00,0.00,0.00,6.36,47.41,0.00,22.59,17.38,1.97,0.07,4.01,0.00,0.00
157,1.73,0.00,2.25,0.30,0.02,0.00,0.08,0.24,2.47,0.07,20.66,49.39,13.21,6.67,2.35,0.55,0.00
158,0.08,0.00,0.27,0.12,0.02,0.00,0.20,0.01,64.39,0.10,15.60,18.97,0.14,0.08,0.02,0.00,0.00
159,2.59,0.00,3.84,2.18,0.59,0.07,0.04,0.05,3.87,0.06,12.00,49.94,13.49,9.56,1.63,0.10,0.00
160,0.26,0.00,0.23,0.08,0.02,0.00,0.43,0.04,75.16,0.20,15.48,6.83,0.39,0.20,0.66,0.00,0.00
161,0.13,0.00,0.46,0.12,0.01,0.00,0.02,0.12,23.16,0.02,34.94,40.39,0.45,0.03,0.14,0.02,0.00
162,0.19,0.00,0.00,0.00,0.00,0.00,0.09,0.18,69.45,0.04,22.43,7.48,0.00,0.00,0.10,0.03,0.00
163,0.48,0.00,0.56,0.19,0.05,0.01,0.69,0.08,0.57,0.00,84.20,9.84,1.69,0.19,0.61,0.85,0.00
164,0.45,0.00,0.65,0.23,0.05,0.01,0.24,0.06,0.87,0.01,59.41,32.21,2.94,1.20,0.89,0.78,0.00
165,4.41,0.00,1.64,0.52,0.11,0.02,0.06,0.55,1.03,0.02,51.75,3.65,23.86,0.54,3.89,7.95,0.00
166,0.21,0.00,0.28,0.09,0.02,0.00,0.29,0.60,7.59,0.16,70.65,17.86,0.92,0.02,0.56,0.74,0.00
167,0.24,0.00,0.45,0.20,0.05,0.01,2.63,0.00,0.11,0.00,90.01,5.47,0.29,0.02,0.27,0.25,0.00
168,0.69,0.00,1.03,0.31,0.16,0.02,0.19,0.21,0.33,0.01,75.68,10.68,4.29,0.00,1.44,4.97,0.00
169,0.61,0.00,0.77,0.61,0.11,0.02,1.97,0.02,0.03,0.01,42.83,43.19,3.48,3.88,1.45,1.03,0.00
170,0.86,0.02,0.02,0.00,0.00,0.00,37.45,0.63,20.95,0.07,19.76,20.02,0.00,0.00,0.22,0.00,0.00
171,0.86,0.00,0.16,0.03,0.00,0.00,2.71,0.36,85.30,0.22,6.56,3.18,0.00,0.00,0.60,0.00,0.00
172,0.30,0.00,0.64,0.21,0.01,0.00,0.35,18.70,60.94,3.80,12.95,1.12,0.05,0.00,0.88,0.07,0.00
173,0.22,0.00,0.61,0.04,0.01,0.00,1.17,39.16,31.47,3.54,22.57,1.16,0.01,0.00,0.04,0.00,0.00
174,0.38,0.00,0.74,0.28,0.05,0.00,1.42,12.92,48.52,8.90,24.99,1.67,0.00,0.00,0.13,0.00,0.00
175,0.33,0.00,0.94,0.30,0.09,0.01,0.48,24.12,34.85,0.28,36.42,0.96,0.83,0.16,0.13,0.13,0.00
176,2.94,0.00,3.16,1.50,0.60,0.05,0.59,4.38,6.96,0.04,61.72,0.62,12.80,3.95,0.68,0.01,0.00
177,5.11,0.00,7.47,4.90,2.43,0.69,5.17,1.84,23.15,6.57,8.86,6.61,9.26,1.29,8.43,8.22,0.00
178,1.37,0.00,4.55,0.98,0.23,0.08,2.70,2.18,49.15,10.39,18.22,3.43,1.11,0.10,4.00,1.53,0.00
179,0.76,0.04,0.99,0.19,0.02,0.00,1.00,1.73,82.28,2.54,8.25,1.01,0.16,0.00,0.98,0.03,0.00
180,0.57,0.00,4.68,0.45,0.05,0.01,2.75,3.00,55.59,14.02,13.63,3.57,0.46,0.08,0.89,0.24,0.00
181,1.18,0.00,3.06,0.77,0.08,0.01,2.33,2.67,58.94,3.52,20.09,2.57,1.25,0.05,3.11,0.38,0.00
182,0.56,0.00,4.50,0.93,0.19,0.04,2.03,4.24,44.48,10.15,22.58,3.58,3.07,0.28,2.70,0.67,0.00
183,0.20,0.00,4.63,0.15,0.01,0.00,2.59,1.20,52.55,19.30,13.29,3.79,1.23,0.06,0.76,0.24,0.00
184,0.11,0.00,3.63,0.19,0.04,0.01,2.22,0.40,54.02,18.17,12.34,7.84,0.59,0.01,0.28,0.15,0.00
185,0.83,0.00,2.64,0.14,0.05,0.01,0.78,4.11,68.29,12.36,7.06,3.00,0.21,0.05,0.31,0.15,0.00
186,0.35,0.00,2.36,0.15,0.05,0.01,0.46,4.29,64.25,5.00,12.42,10.21,0.00,0.00,0.24,0.21,0.00
187,0.22,0.00,4.32,0.10,0.03,0.00,0.12,2.21,76.14,4.48,8.17,3.77,0.00,0.01,0.37,0.05,0.00
188,0.88,0.00,12.57,2.39,1.18,0.36,0.51,0.55,51.14,1.81,8.32,13.80,0.42,0.70,3.85,1.54,0.00
189,0.92,0.00,3.51,0.60,0.26,0.03,1.35,4.28,27.37,7.67,19.53,31.16,0.00,0.00,1.12,2.20,0.00
190,0.16,0.00,8.16,0.96,0.52,0.11,0.23,0.04,57.91,19.97,6.63,4.77,0.01,0.29,0.18,0.06,0.00
191,1.21,0.00,7.02,2.94,1.53,0.30,0.56,0.11,5.97,31.46,11.70,29.47,0.23,5.92,1.08,0.52,0.00
192,0.16,0.00,2.89,0.82,0.09,0.01,0.00,0.41,17.71,0.00,41.76,1.35,16.23,17.36,1.19,0.01,0.00
193,0.25,0.00,1.23,1.17,0.46,0.09,7.09,0.12,3.25,0.00,68.46,6.58,7.25,2.96,1.09,0.00,0.00
194,0.17,0.00,0.38,0.13,0.02,0.00,5.60,3.42,29.16,0.02,55.38,4.04,1.17,0.13,0.38,0.01,0.00
195,3.00,0.00,0.45,0.10,0.03,0.00,24.90,0.01,0.63,0.00,51.98,17.58,0.25,0.03,1.02,0.02,0.00
196,0.08,0.00,0.30,0.07,0.00,0.00,8.52,9.42,46.95,0.44,32.24,1.06,0.59,0.00,0.31,0.01,0.00
197,0.67,0.00,1.14,0.69,0.09,0.02,4.41,0.02,0.85,0.00,77.56,0.93,10.35,0.07,3.14,0.06,0.00
198,0.36,0.00,1.33,0.32,0.00,0.00,0.43,2.83,30.51,0.14,49.73,0.06,13.06,0.08,1.12,0.04,0.00
199,0.09,0.00,0.55,0.15,0.05,0.00,15.79,0.00,0.58,0.00,40.76,41.19,0.44,0.03,0.35,0.01,0.00
200,0.00,0.00,0.15,0.06,0.01,0.00,1.56,0.00,0.12,0.00,66.70,30.92,0.18,0.18,0.12,0.00,0.00
201,0.26,5.49,0.07,0.01,0.00,0.00,27.69,1.67,20.74,0.10,0.11,40.92,0.00,0.00,2.63,0.31,0.00
202,0.21,0.33,0.25,0.08,0.03,0.00,1.20,8.79,72.80,1.69,1.60,11.32,0.04,0.00,1.51,0.15,0.00
203,0.14,0.00,0.68,0.24,0.04,0.00,0.09,7.03,56.63,0.54,22.04,10.56,0.49,0.01,1.24,0.26,0.00
204,0.24,0.00,0.78,0.35,0.10,0.02,0.14,2.86,28.46,0.04,44.70,18.72,1.94,0.10,1.12,0.43,0.00
205,0.27,0.07,0.34,0.15,0.06,0.01,0.95,28.16,46.54,5.36,3.08,13.49,0.18,0.00,1.16,0.17,0.00
206,0.31,0.00,0.41,0.12,0.02,0.00,0.09,27.68,40.60,1.75,17.91,8.20,1.52,0.01,1.22,0.16,0.00
207,0.25,0.01,0.16,0.03,0.00,0.00,1.99,16.50,56.07,2.84,0.90,18.49,0.03,0.00,2.22,0.50,0.00
208,0.09,0.00,0.37,0.14,0.02,0.00,0.35,6.76,57.62,0.86,10.49,21.76,0.24,0.00,1.12,0.16,0.00
209,1.67,0.00,0.94,0.36,0.10,0.01,0.09,3.34,4.21,0.04,65.46,10.29,9.38,0.02,2.71,1.38,0.00
210,1.05,0.00,1.50,0.27,0.05,0.01,0.18,1.49,5.91,0.18,5.53,76.42,2.98,0.07,1.74,2.62,0.00
211,0.08,0.00,0.78,0.37,0.02,0.00,0.02,0.12,2.27,0.01,70.15,21.55,2.99,0.31,0.72,0.59,0.00
212,0.00,0.00,0.22,0.05,0.00,0.00,0.72,0.00,29.06,0.00,67.83,2.12,0.00,0.00,0.01,0.00,0.00
213,0.28,0.02,2.58,1.87,0.40,0.03,0.03,0.03,0.65,0.00,34.59,8.84,40.40,1.56,4.53,4.21,0.00
214,0.54,0.00,0.97,1.04,0.16,0.02,0.00,0.00,0.02,0.00,72.14,6.89,11.73,0.15,2.87,3.48,0.00
215,0.00,0.00,0.00,0.00,0.00,0.00,1.26,0.01,61.22,0.02,37.27,0.23,0.00,0.00,0.00,0.00,0.00
216,0.00,0.00,0.11,0.17,0.02,0.00,13.42,0.02,1.28,0.00,76.00,5.45,1.24,0.16,1.00,1.13,0.00
217,0.15,0.00,1.06,0.61,0.08,0.01,0.10,0.02,15.87,0.00,67.94,12.27,0.96,0.25,0.57,0.10,0.00
218,2.89,0.00,8.94,9.20,2.91,0.73,0.86,0.16,0.06,0.00,21.26,9.28,12.67,20.17,10.63,0.23,0.00
219,0.56,0.00,1.87,0.79,0.23,0.04,0.02,0.01,5.73,0.00,54.01,35.88,0.05,0.57,0.24,0.01,0.00
220,0.15,0.00,0.73,0.28,0.15,0.03,1.09,0.00,1.55,0.00,59.92,34.08,0.64,1.00,0.28,0.11,0.00
221,0.09,0.00,0.34,0.17,0.05,0.01,0.51,0.00,14.45,0.00,65.90,18.31,0.05,0.05,0.04,0.02,0.00
222,0.02,0.00,0.66,0.20,0.05,0.00,32.39,0.00,41.20,0.00,19.94,5.52,0.00,0.00,0.00,0.00,0.00
223,0.01,0.00,0.46,0.17,0.02,0.00,0.69,0.00,1.71,0.00,41.56,55.37,0.00,0.01,0.00,0.00,0.00
224,0.05,0.00,2.39,2.13,1.22,0.25,1.00,0.00,0.18,0.00,71.97,20.28,0.11,0.14,0.24,0.03,0.00
225,0.03,0.00,0.34,0.15,0.01,0.00,0.60,0.00,6.44,0.00,77.63,14.56,0.06,0.00,0.17,0.00,0.00
226,0.04,0.00,0.41,0.21,0.03,0.00,0.38,0.00,0.09,0.00,86.73,11.71,0.07,0.05,0.15,0.11,0.00
227,0.09,0.00,0.58,0.41,0.12,0.01,1.32,0.00,0.00,0.00,89.71,5.78,0.07,0.00,1.42,0.49,0.00
228,0.03,0.00,0.30,0.04,0.00,0.00,4.22,0.00,13.89,0.00,62.63,18.80,0.01,0.00,0.06,0.01,0.00
229,0.01,0.00,0.03,0.00,0.00,0.00,2.59,0.00,61.96,0.00,29.81,5.50,0.00,0.00,0.09,0.00,0.00
230,0.00,0.00,0.16,0.07,0.00,0.00,4.34,0.00,12.19,0.00,77.64,5.59,0.00,0.00,0.00,0.00,0.00
231,0.15,0.00,0.69,0.08,0.01,0.00,4.22,0.00,0.17,0.00,73.71,20.35,0.06,0.04,0.22,0.29,0.00
232,0.03,0.00,0.42,0.05,0.01,0.00,4.56,0.00,0.01,0.00,73.57,21.17,0.02,0.01,0.09,0.06,0.00
233,0.05,0.00,0.43,0.08,0.00,0.00,1.67,0.00,0.26,0.00,74.61,22.87,0.00,0.00,0.03,0.00,0.00
234,0.77,0.00,0.01,0.00,0.00,0.00,22.49,0.00,5.77,0.00,66.24,4.59,0.00,0.00,0.12,0.01,0.00
235,0.00,0.00,0.01,0.00,0.00,0.00,1.64,0.00,13.91,0.01,79.93,4.49,0.00,0.00,0.00,0.01,0.00
236,0.03,0.00,0.09,0.00,0.00,0.00,0.26,0.00,94.02,0.00,4.41,1.20,0.00,0.00,0.00,0.00,0.00
237,0.00,0.00,0.94,0.27,0.08,0.01,0.10,0.00,0.41,0.00,84.28,13.62,0.20,0.00,0.01,0.08,0.00
238,0.00,0.00,0.11,0.02,0.00,0.00,0.02,0.04,3.38,0.00,86.98,9.33,0.00,0.01,0.12,0.00,0.00
239,0.01,0.00,0.49,0.21,0.07,0.01,0.46,0.00,42.39,0.00,50.79,5.34,0.04,0.04,0.09,0.05,0.00
240,0.08,0.00,0.62,0.18,0.10,0.03,0.09,0.16,89.75,0.01,5.22,3.69,0.00,0.00,0.01,0.10,0.00
241,0.06,0.00,0.16,0.04,0.00,0.00,0.35,6.02,82.65,0.03,4.02,6.57,0.00,0.00,0.00,0.09,0.00
242,0.07,0.00,0.55,0.16,0.03,0.00,0.09,0.09,40.53,0.00,46.04,12.33,0.01,0.01,0.04,0.06,0.00
243,0.00,0.00,1.21,0.07,0.02,0.00,0.01,0.86,87.45,0.06,5.83,4.46,0.03,0.00,0.01,0.00,0.00
244,0.01,0.00,0.14,0.00,0.00,0.00,0.00,6.04,75.53,1.11,14.73,2.42,0.00,0.00,0.01,0.00,0.00
245,0.03,0.00,0.63,0.33,0.08,0.01,0.37,0.17,7.49,0.01,89.42,1.00,0.18,0.00,0.20,0.07,0.00
246,1.20,0.00,1.04,0.40,0.09,0.02,0.01,0.10,18.46,0.00,8.72,69.61,0.00,0.00,0.00,0.36,0.00
247,0.10,0.00,0.32,0.05,0.01,0.00,1.40,0.00,58.16,0.00,32.26,7.61,0.00,0.00,0.06,0.01,0.00
248,0.05,0.00,0.67,0.10,0.01,0.00,8.64,0.00,55.64,0.00,34.48,0.41,0.00,0.00,0.00,0.00,0.00
249,0.01,0.00,0.34,0.09,0.01,0.00,0.09,0.26,87.68,0.00,10.77,0.72,0.00,0.00,0.02,0.01,0.00
250,0.34,0.00,1.19,0.54,0.26,0.08,2.76,0.00,0.02,0.00,88.86,4.20,0.01,1.37,0.22,0.15,0.01
251,0.03,0.00,0.49,0.09,0.02,0.00,0.55,0.00,0.15,0.00,87.70,10.44,0.02,0.39,0.08,0.03,0.00
252,0.01,0.00,0.24,0.12,0.02,0.00,0.67,0.04,1.07,0.00,94.39,3.06,0.05,0.11,0.17,0.01,0.03
253,0.01,0.00,0.08,0.01,0.00,0.00,0.00,0.28,30.32,0.00,64.87,4.43,0.00,0.01,0.00,0.00,0.00
254,0.01,0.00,0.50,0.11,0.02,0.00,0.10,0.01,0.19,0.00,98.25,0.43,0.00,0.05,0.30,0.02,0.00
255,4.80,0.00,6.16,6.74,2.31,0.78,0.58,0.00,0.15,0.00,31.47,0.55,0.65,38.27,7.41,0.09,0.04
256,0.02,0.00,0.28,0.14,0.01,0.00,63.11,0.00,0.00,0.00,17.65,18.79,0.00,0.00,0.00,0.00,0.00
257,0.03,0.00,0.08,0.03,0.01,0.00,75.13,0.00,0.00,0.00,20.25,4.11,0.01,0.04,0.31,0.01,0.00
258,0.08,0.00,0.78,0.28,0.04,0.01,0.32,0.61,16.60,0.25,0.20,76.35,0.27,2.53,1.02,0.65,0.00
259,0.18,0.00,2.55,0.12,0.02,0.00,0.10,0.05,0.00,0.00,10.99,61.93,0.86,22.77,0.19,0.23,0.00
260,0.20,0.00,2.50,0.42,0.24,0.05,0.20,0.05,0.05,0.00,3.48,71.52,0.79,19.64,0.58,0.29,0.00
261,0.24,0.00,3.51,0.86,0.41,0.16,0.06,0.09,0.01,0.00,0.79,26.23,2.68,64.32,0.36,0.26,0.00
262,0.09,0.00,3.93,0.49,0.08,0.02,0.05,0.00,0.00,0.00,4.60,43.62,0.01,46.98,0.02,0.10,0.00
263,0.07,0.00,1.42,0.19,0.03,0.00,0.46,0.04,5.12,0.01,10.48,72.26,0.28,8.97,0.43,0.23,0.00
264,0.07,0.00,0.80,0.17,0.01,0.00,0.27,0.01,0.17,0.00,7.09,83.45,0.60,6.51,0.33,0.51,0.00
265,1.83,0.00,3.92,0.88,0.25,0.09,0.41,0.18,0.05,0.00,2.54,41.69,1.05,42.14,2.57,2.37,0.00
266,0.30,0.00,5.06,0.85,0.21,0.11,0.08,0.07,0.02,0.01,8.14,35.21,0.00,49.45,0.03,0.47,0.00
267,0.05,0.00,1.88,0.12,0.02,0.01,1.46,0.00,0.00,0.00,58.49,30.31,0.00,7.65,0.00,0.01,0.00
268,0.02,0.00,2.58,0.56,0.25,0.08,0.23,0.01,0.00,0.01,55.38,30.89,0.00,9.52,0.13,0.33,0.00
269,4.14,0.00,9.83,14.71,7.05,1.76,0.47,0.41,0.52,0.01,4.78,22.26,6.92,21.23,3.99,1.91,0.00
270,0.34,0.00,2.40,0.32,0.06,0.02,0.22,0.29,0.01,0.02,16.75,71.22,0.19,7.67,0.43,0.06,0.00
271,0.38,0.00,3.30,0.34,0.07,0.02,0.95,0.25,0.31,0.30,44.99,27.93,0.11,20.94,0.10,0.01,0.00
272,0.45,0.00,1.43,0.13,0.01,0.00,0.52,0.57,3.45,0.20,68.93,20.77,0.01,3.42,0.10,0.01,0.00
273,0.37,0.00,0.77,0.20,0.03,0.01,0.19,0.04,0.44,0.00,49.48,46.80,0.00,1.42,0.04,0.22,0.00
274,0.35,0.00,2.11,0.49,0.20,0.06,0.19,0.01,0.14,0.00,6.12,79.33,0.24,9.55,0.36,0.86,0.00
275,0.02,0.00,0.28,0.01,0.00,0.00,0.01,0.16,17.89,0.00,26.79,53.83,0.00,0.37,0.18,0.47,0.00
276,0.03,0.00,0.27,0.00,0.00,0.00,0.00,0.00,10.50,0.00,42.11,46.33,0.04,0.33,0.24,0.15,0.00
277,0.03,0.00,0.54,0.09,0.02,0.00,0.04,0.07,16.68,0.00,39.91,42.25,0.04,0.12,0.07,0.13,0.00
278,0.04,0.00,6.55,1.98,0.96,0.15,0.12,1.95,22.34,0.00,19.47,45.06,0.02,0.11,0.51,0.74,0.00
279,0.06,0.00,4.48,2.90,1.76,0.45,0.38,0.08,1.68,0.00,3.51,81.99,0.08,1.11,0.34,1.18,0.00
280,1.12,0.00,1.61,0.22,0.04,0.01,0.48,0.00,0.00,0.00,31.14,59.53,0.08,5.05,0.22,0.50,0.00
281,0.39,0.00,0.59,0.13,0.04,0.01,0.03,0.01,3.66,0.00,7.17,86.63,0.05,0.49,0.14,0.66,0.00
282,0.10,0.00,0.06,0.01,0.00,0.00,0.00,0.15,22.66,0.00,47.75,29.17,0.00,0.00,0.04,0.05,0.00
283,0.50,0.00,0.42,0.06,0.01,0.00,0.07,0.01,0.15,0.00,37.96,59.92,0.01,0.41,0.20,0.28,0.00
284,0.00,0.00,0.78,0.06,0.01,0.00,0.10,0.00,0.49,0.00,11.95,86.21,0.00,0.37,0.00,0.02,0.00
285,0.79,0.00,2.67,0.19,0.06,0.01,2.42,0.00,0.01,0.00,21.92,64.74,0.00,4.44,0.00,2.76,0.00
286,0.00,0.00,0.34,0.03,0.00,0.00,0.00,0.00,0.19,0.00,70.57,28.68,0.03,0.15,0.00,0.00,0.00
287,1.18,0.00,3.79,0.86,0.14,0.05,0.01,3.58,0.01,0.06,0.01,47.01,1.11,41.58,0.57,0.05,0.00
288,0.67,0.00,3.11,0.60,0.08,0.02,0.08,0.65,0.02,0.07,0.05,45.28,0.58,47.62,1.08,0.09,0.00
289,1.23,0.00,4.23,1.01,0.22,0.09,0.02,0.96,0.00,0.00,0.04,33.62,0.08,57.30,0.91,0.30,0.00
290,1.25,0.00,4.49,1.81,0.57,0.23,0.06,2.17,0.20,0.03,0.03,29.77,0.94,57.49,0.85,0.11,0.00
291,0.49,0.00,3.26,0.78,0.09,0.02,0.04,1.47,0.07,0.17,0.01,58.51,0.69,32.82,1.03,0.54,0.00
292,0.60,0.00,3.86,0.89,0.16,0.06,0.01,1.83,0.00,0.01,0.00,14.62,0.41,76.81,0.51,0.24,0.00
293,2.17,0.00,4.33,2.19,0.77,0.26,0.09,0.45,0.00,0.00,0.10,16.40,0.95,63.91,6.56,1.81,0.00
294,0.46,0.00,5.68,0.72,0.28,0.13,0.31,0.72,0.37,0.50,36.00,17.31,0.54,36.82,0.13,0.02,0.00
295,1.37,0.00,4.73,0.89,0.41,0.16,0.54,3.50,0.44,0.00,11.80,55.90,1.00,19.13,0.05,0.05,0.00
296,0.78,0.00,4.46,0.30,0.09,0.03,0.03,2.13,2.37,0.00,57.35,24.49,0.51,7.36,0.09,0.00,0.00
297,2.55,0.00,3.22,0.30,0.09,0.03,0.09,8.31,1.83,3.99,16.68,53.31,0.14,9.13,0.07,0.24,0.00
298,0.75,0.00,4.26,0.60,0.13,0.03,0.28,2.30,3.71,1.21,4.48,50.11,0.17,31.24,0.47,0.26,0.00
299,0.59,0.00,4.78,0.69,0.17,0.11,0.07,0.04,0.02,1.43,32.59,4.97,0.00,54.04,0.41,0.10,0.00
300,0.49,0.00,2.67,0.87,0.27,0.01,0.63,0.49,6.46,0.02,0.31,72.73,0.02,14.97,0.02,0.04,0.00
301,1.73,0.00,5.61,2.24,1.49,0.73,0.18,10.83,1.32,0.01,0.09,49.41,3.63,22.35,0.18,0.19,0.00
302,28.55,0.00,1.14,0.66,0.04,0.00,30.63,0.93,0.00,0.00,0.01,26.39,0.00,3.77,3.90,3.99,0.00
303,0.73,0.00,3.90,0.40,0.12,0.05,0.13,0.29,2.36,0.72,12.26,54.10,0.03,24.76,0.10,0.05,0.00
304,0.68,0.00,2.07,0.19,0.04,0.01,0.48,4.75,0.14,0.13,1.03,83.31,0.18,6.70,0.00,0.30,0.00
305,1.87,0.00,3.34,0.97,0.20,0.06,0.06,5.31,0.06,0.09,0.05,65.18,8.44,13.00,1.11,0.27,0.00
306,2.58,0.00,5.60,1.11,0.37,0.14,0.10,38.68,0.23,0.03,0.01,35.17,13.13,2.74,0.05,0.06,0.00
307,7.58,0.00,7.43,4.43,2.30,0.96,0.20,22.87,1.93,0.00,0.03,35.29,11.93,3.47,1.25,0.34,0.00
308,1.30,0.00,5.84,0.77,0.21,0.08,0.17,13.01,6.54,0.00,18.55,42.43,5.54,5.02,0.49,0.03,0.00
309,3.07,0.00,7.20,4.46,2.14,1.12,0.20,7.38,4.32,0.01,0.13,52.02,10.33,6.45,1.13,0.03,0.00
310,0.92,0.00,4.54,0.83,0.40,0.15,0.15,8.93,13.06,0.00,23.75,40.55,1.91,3.53,1.27,0.01,0.00
311,3.74,0.00,3.68,0.30,0.09,0.02,0.02,6.22,28.42,0.00,10.71,43.74,0.12,2.47,0.43,0.02,0.00
312,1.01,0.00,3.58,1.07,0.35,0.17,0.40,25.90,1.36,0.00,0.00,44.67,17.80,3.69,0.00,0.00,0.00
313,1.01,0.00,4.31,0.65,0.26,0.10,0.02,17.91,3.30,0.01,0.02,55.76,2.25,14.36,0.00,0.04,0.00
314,1.19,0.00,1.89,0.50,0.16,0.04,0.81,26.12,10.00,0.00,0.00,54.18,3.18,1.80,0.00,0.13,0.00
315,0.79,0.00,6.82,9.03,3.60,1.68,0.67,11.09,2.95,6.06,2.71,0.97,33.32,10.92,5.95,3.42,0.02
316,2.55,0.00,8.87,11.40,6.96,3.75,1.07,5.76,4.36,9.35,3.40,2.31,23.36,9.52,4.42,2.92,0.00
317,1.35,0.00,5.33,5.75,1.72,0.76,0.79,2.20,55.31,5.53,3.41,4.13,10.06,0.21,1.54,1.91,0.00
318,0.55,0.00,6.05,6.22,2.30,0.67,1.64,5.32,43.37,10.62,9.22,3.16,7.75,0.44,1.40,1.29,0.00
319,2.11,0.00,10.98,9.65,2.66,0.39,0.52,7.84,23.78,24.71,8.16,2.12,3.03,0.10,3.40,0.53,0.00
320,3.27,0.00,10.27,13.19,8.14,3.32,1.77,5.16,29.90,8.59,9.00,2.64,0.98,0.05,2.92,0.80,0.00
321,1.27,0.00,11.97,11.39,5.28,1.80,0.57,3.48,21.89,9.25,8.45,6.80,10.32,1.29,4.38,1.87,0.00
322,2.55,0.00,6.02,3.70,1.97,1.06,2.39,7.97,33.75,8.29,19.65,3.02,3.89,0.25,3.56,1.93,0.00
323,0.87,0.00,5.88,3.30,1.32,0.54,0.42,8.04,18.51,9.34,13.66,3.22,22.15,2.95,8.06,1.74,0.00
324,0.12,0.00,1.70,0.20,0.06,0.02,0.02,4.78,10.69,0.01,76.93,4.58,0.30,0.55,0.03,0.00,0.00
325,2.61,0.00,3.71,0.26,0.09,0.04,0.03,3.28,19.76,0.01,45.77,22.51,1.02,0.88,0.03,0.00,0.00
326,0.94,0.00,4.80,1.56,0.84,0.22,0.22,8.31,36.06,0.01,34.43,12.03,0.18,0.18,0.22,0.00,0.00
327,0.04,0.00,1.73,0.36,0.08,0.01,0.03,1.14,1.18,0.00,94.34,0.67,0.00,0.20,0.17,0.06,0.00
328,0.14,0.00,5.68,0.87,0.18,0.05,0.12,2.27,3.60,0.21,56.34,11.25,2.60,14.45,2.16,0.08,0.00
329,0.15,0.00,1.18,0.60,0.16,0.06,0.40,0.90,0.84,0.01,86.01,9.13,0.18,0.07,0.30,0.03,0.00
330,0.56,0.00,2.45,1.67,0.43,0.06,0.26,0.22,0.29,0.05,62.61,16.05,9.35,3.27,2.39,0.34,0.00
331,9.95,0.00,3.53,5.29,5.20,1.91,0.47,0.92,0.09,0.51,28.31,11.42,6.13,18.75,5.11,1.65,0.74
332,2.04,0.00,8.25,4.59,3.30,1.71,0.17,8.27,1.33,0.13,4.37,27.75,18.43,17.62,1.82,0.22,0.00
333,0.52,0.00,5.29,1.15,0.27,0.10,0.06,9.46,2.77,1.38,13.48,3.46,54.01,3.46,4.37,0.20,0.00
334,5.10,0.00,3.89,0.74,0.49,0.20,0.89,7.80,1.35,0.28,2.17,11.20,27.62,29.07,7.95,1.24,0.00
335,4.96,0.00,2.96,3.51,0.42,0.16,0.17,19.97,1.13,1.23,4.47,6.92,42.31,3.74,7.83,0.22,0.00
336,0.88,0.00,4.33,1.49,0.36,0.08,0.58,14.38,3.54,4.97,22.34,4.44,34.27,3.30,4.74,0.29,0.00
337,0.67,0.00,5.10,1.09,0.26,0.07,0.10,9.85,1.17,4.91,13.09,3.51,52.17,3.92,3.73,0.36,0.00
338,0.83,0.00,1.78,5.79,0.79,0.35,0.09,10.53,0.48,0.04,5.86,0.78,60.67,7.03,4.94,0.05,0.00
339,1.79,0.00,5.69,1.97,0.28,0.05,0.02,6.30,49.92,10.11,10.99,0.64,9.51,0.44,2.07,0.22,0.00
340,3.81,0.00,2.45,0.97,0.20,0.05,0.31,9.42,0.78,0.91,6.78,2.95,27.94,20.82,21.37,1.25,0.00
341,1.10,0.00,6.14,5.84,3.99,1.88,0.28,1.95,2.42,0.96,4.25,2.38,28.42,30.74,6.76,2.89,0.00
342,0.19,0.00,3.94,1.46,1.19,0.42,0.29,2.36,0.19,0.05,21.47,4.35,19.55,40.36,2.75,1.43,0.00
343,3.56,0.00,4.28,2.04,1.36,0.40,0.44,8.44,2.87,2.97,5.28,2.02,28.43,9.80,23.90,4.21,0.00
344,0.09,0.00,3.27,0.46,0.05,0.01,1.17,2.84,2.64,0.04,27.81,48.26,8.50,1.95,1.79,1.14,0.00
345,0.68,0.00,6.76,5.99,2.92,0.81,0.83,0.22,0.06,0.04,9.64,3.93,12.89,53.24,0.94,1.03,0.00
346,2.26,0.00,6.32,8.50,5.81,1.50,1.11,1.35,0.09,0.20,9.90,5.57,7.32,43.19,4.86,1.82,0.21
347,25.02,0.00,0.40,1.12,0.43,0.21,0.55,0.03,0.06,0.07,0.25,0.71,1.87,2.06,2.17,65.05,0.00
348,8.73,0.00,3.46,2.64,1.66,0.83,4.74,2.48,0.38,0.04,3.30,9.90,4.98,1.72,7.05,48.09,0.00
349,4.03,0.00,2.56,1.74,1.27,0.48,13.10,0.90,0.26,0.03,16.34,27.43,0.34,1.17,7.39,22.92,0.03
350,0.75,0.00,5.68,9.48,1.20,0.67,0.04,0.76,0.18,0.52,1.07,0.68,19.91,52.11,6.37,0.56,0.00
351,2.05,0.00,3.48,3.42,0.58,0.23,0.18,11.09,32.22,8.73,11.58,1.97,12.75,0.73,10.78,0.22,0.00
352,6.83,0.00,1.52,1.22,0.17,0.08,0.30,3.98,13.77,3.37,3.52,1.83,5.65,0.86,54.32,2.59,0.00
353,2.09,0.00,2.95,3.05,0.44,0.13,0.08,7.99,39.67,5.58,10.97,3.39,8.16,2.20,12.90,0.39,0.00
354,1.02,0.00,3.97,0.97,0.23,0.08,0.10,28.74,15.47,5.02,1.69,11.60,28.54,0.27,2.05,0.25,0.00
355,3.37,0.00,4.23,1.96,0.30,0.11,0.15,2.41,41.73,8.00,13.71,6.31,6.60,0.14,10.57,0.40,0.00
356,0.67,0.00,4.42,3.60,0.83,0.25,0.18,1.34,25.99,10.12,15.52,7.50,6.47,1.13,21.31,0.67,0.00
357,6.00,0.00,2.67,3.34,0.80,0.31,0.69,4.73,2.08,0.90,6.10,2.93,24.95,27.12,15.98,1.39,0.00
358,0.49,0.00,3.82,1.34,0.34,0.18,0.25,21.94,22.30,7.94,2.45,4.51,31.24,0.82,2.33,0.05,0.00
359,2.04,0.00,4.46,0.78,0.10,0.03,0.04,26.48,32.02,13.74,5.87,5.38,8.79,0.03,0.24,0.01,0.00
360,2.77,0.00,4.21,1.30,0.43,0.18,0.13,42.71,22.41,15.31,1.85,3.21,5.28,0.03,0.18,0.02,0.00
361,5.15,0.00,4.61,1.13,0.17,0.04,0.09,37.55,20.89,13.29,2.04,3.20,11.18,0.05,0.59,0.03,0.00
362,1.21,0.00,3.45,1.48,0.47,0.17,0.04,40.48,29.08,10.19,1.82,3.38,7.29,0.23,0.69,0.03,0.00
363,0.85,0.00,3.05,0.20,0.01,0.00,0.00,29.74,41.34,7.78,6.06,8.75,1.92,0.00,0.27,0.02,0.00
364,3.93,0.00,4.01,0.45,0.10,0.02,0.02,24.29,13.60,8.07,1.49,8.94,32.63,0.16,2.25,0.05,0.00
365,0.40,0.00,2.27,0.42,0.03,0.00,0.07,42.81,28.95,11.54,1.66,4.95,6.60,0.17,0.14,0.00,0.00
366,12.99,0.00,2.75,1.72,0.51,0.24,0.76,9.66,2.91,2.11,0.99,1.99,30.23,23.15,7.87,2.12,0.00
367,1.84,0.00,3.74,1.53,0.24,0.08,0.12,27.89,16.53,8.42,0.54,2.17,35.02,1.00,0.85,0.05,0.00
368,3.84,0.00,4.58,2.55,0.73,0.28,0.22,19.62,8.48,5.52,1.60,6.51,42.47,0.82,2.62,0.17,0.00
369,4.17,0.00,4.00,0.52,0.17,0.08,0.15,43.17,1.06,1.20,0.34,22.80,20.88,0.80,0.53,0.13,0.00
370,0.03,0.00,2.66,0.19,0.02,0.00,0.02,79.30,2.86,0.68,0.05,2.08,11.94,0.01,0.16,0.00,0.00
371,1.20,0.00,3.19,0.62,0.13,0.04,0.07,61.71,8.87,4.46,0.49,3.59,15.24,0.05,0.33,0.01,0.00
372,1.38,0.00,5.28,2.69,1.00,0.40,0.26,26.62,0.84,1.01,0.44,1.21,54.69,3.52,0.63,0.01,0.00
373,1.89,0.00,4.06,0.54,0.13,0.03,0.10,60.30,2.80,1.65,0.34,3.51,24.15,0.07,0.42,0.01,0.00
374,4.12,0.00,3.50,0.80,0.17,0.04,0.24,55.80,7.70,4.62,0.41,2.02,20.25,0.10,0.23,0.00,0.00
375,0.25,0.00,4.06,1.07,0.23,0.07,0.10,47.92,2.28,3.87,0.26,2.10,36.89,0.52,0.37,0.00,0.00
376,3.58,0.00,4.07,0.82,0.21,0.06,0.19,63.32,3.14,1.38,0.50,2.01,18.27,1.53,0.74,0.19,0.00
377,0.45,0.00,3.46,1.15,0.25,0.06,0.36,64.40,3.33,6.67,0.45,1.83,16.57,0.30,0.68,0.02,0.00
378,0.45,0.00,3.85,0.37,0.05,0.02,0.13,71.72,4.35,4.24,0.88,2.36,10.69,0.40,0.46,0.01,0.00
379,0.31,0.00,3.01,0.15,0.02,0.00,0.19,74.28,5.37,7.15,0.60,1.38,6.92,0.03,0.55,0.03,0.00
380,0.71,0.00,5.21,3.60,1.15,0.41,0.19,58.84,2.98,3.05,0.16,2.07,18.25,2.80,0.54,0.02,0.00
381,1.55,0.00,3.40,0.62,0.12,0.02,0.11,69.24,3.68,4.84,0.18,1.60,11.40,1.76,1.26,0.23,0.00
382,0.21,0.00,4.16,1.18,0.20,0.06,0.04,24.27,0.90,0.84,1.09,0.33,47.20,18.51,0.99,0.01,0.00
383,8.68,0.00,9.26,17.67,15.60,6.77,1.40,2.52,2.59,2.19,2.66,1.32,14.75,5.52,5.34,3.73,0.00
384,3.33,0.00,4.80,7.41,4.09,1.71,0.68,0.44,2.92,1.41,1.43,1.61,28.23,32.68,8.19,1.07,0.00
385,0.62,0.00,4.56,8.60,4.86,1.78,0.41,0.66,3.36,1.87,1.04,1.44,40.53,26.60,2.92,0.75,0.00
386,0.68,0.00,4.92,3.05,0.92,0.17,1.03,2.32,30.03,11.47,13.25,8.09,16.64,6.14,1.14,0.17,0.00
387,1.03,0.00,3.59,1.33,0.13,0.03,0.05,18.60,0.09,0.58,0.97,2.24,42.00,27.38,1.80,0.16,0.00
388,2.29,0.00,5.76,2.96,1.04,0.48,0.12,12.52,0.06,0.27,0.09,19.04,40.36,14.26,0.64,0.11,0.00
389,1.08,0.00,5.77,3.52,0.96,0.35,0.10,14.31,0.06,0.26,0.35,2.27,43.73,24.95,2.14,0.14,0.00
390,1.66,0.00,4.33,1.33,0.27,0.10,0.23,13.25,0.14,0.09,0.26,1.07,40.82,30.74,5.08,0.64,0.00
391,0.52,0.00,3.97,1.58,0.42,0.11,0.06,15.45,0.13,0.25,0.57,0.83,31.70,42.32,2.01,0.10,0.00
392,3.29,0.01,0.71,0.22,0.05,0.00,1.02,17.57,52.32,1.77,13.43,9.03,0.36,0.00,0.11,0.03,0.06
393,0.44,1.30,0.01,0.00,0.00,0.00,20.55,0.25,42.95,1.31,27.00,6.15,0.02,0.00,0.01,0.00,0.01
394,1.97,0.00,0.24,0.06,0.01,0.00,0.55,1.44,80.09,0.34,11.99,2.90,0.25,0.00,0.13,0.02,0.01
395,0.08,0.00,0.00,0.00,0.00,0.00,4.11,1.45,62.20,1.30,15.77,14.63,0.27,0.00,0.16,0.03,0.00
396,0.23,0.00,0.00,0.00,0.00,0.00,1.59,0.02,82.60,0.04,12.65,2.55,0.05,0.00,0.28,0.00,0.00
397,6.11,0.00,3.14,0.21,0.02,0.00,0.05,0.21,0.00,0.00,0.48,50.45,6.58,29.05,0.06,3.64,0.00
398,11.61,0.00,3.46,0.50,0.17,0.07,0.24,0.08,0.01,0.01,0.25,49.03,10.59,18.17,0.34,5.48,0.00
399,2.32,0.00,3.74,0.44,0.07,0.02,0.11,0.31,0.00,0.00,0.40,38.40,4.47,47.62,0.56,1.56,0.00
400,4.35,0.00,3.17,0.44,0.01,0.00,0.12,0.31,0.00,0.00,0.73,41.77,1.69,43.57,0.19,3.64,0.00
401,0.73,0.00,3.13,0.17,0.03,0.01,0.04,0.35,0.00,0.00,0.01,22.45,36.08,35.34,0.04,1.61,0.00
402,0.72,0.00,3.17,0.43,0.09,0.02,0.09,0.28,0.02,0.00,0.17,38.69,11.95,43.62,0.01,0.74,0.00
403,0.29,0.00,4.05,0.38,0.04,0.01,0.01,1.28,0.04,0.00,0.00,51.44,4.88,34.79,1.42,1.35,0.00
404,8.68,0.00,2.28,0.18,0.02,0.01,0.08,8.29,1.82,0.00,0.81,62.87,2.95,7.97,1.81,2.21,0.00
405,0.52,0.00,3.05,0.27,0.02,0.00,0.15,0.15,0.02,0.01,1.01,39.01,0.38,53.27,0.96,1.17,0.00
406,0.38,0.00,1.04,0.22,0.02,0.00,0.33,0.02,0.08,0.00,7.52,66.05,0.86,21.22,1.66,0.60,0.00
407,0.79,0.00,3.04,0.17,0.00,0.00,0.12,0.03,0.00,0.00,0.69,39.95,0.00,54.81,0.05,0.29,0.05
408,0.15,0.00,0.77,0.02,0.00,0.00,0.06,0.00,0.08,0.00,12.03,72.11,0.35,12.95,1.18,0.15,0.14
409,0.09,0.00,0.52,0.07,0.00,0.00,0.26,0.00,0.02,0.00,6.38,73.58,0.08,18.53,0.28,0.17,0.01
410,0.37,0.00,3.26,0.06,0.01,0.00,0.31,0.00,0.03,0.00,0.61,45.01,0.03,49.80,0.16,0.26,0.09
411,0.68,0.00,2.98,0.55,0.11,0.02,0.31,0.00,0.01,0.00,2.22,27.82,0.68,63.62,0.71,0.27,0.00
412,0.20,0.00,3.80,0.33,0.06,0.02,0.04,2.66,0.29,0.00,0.00,52.50,2.17,36.21,1.27,0.45,0.00
413,1.05,0.00,0.56,0.24,0.04,0.00,0.26,2.14,1.57,0.05,14.48,74.42,1.30,1.88,1.58,0.40,0.03
414,0.31,0.00,1.06,0.14,0.01,0.00,0.15,0.48,2.42,0.19,17.14,55.73,1.95,17.85,2.19,0.37,0.00
415,0.39,0.00,2.36,0.32,0.03,0.01,0.23,0.85,0.16,0.03,1.55,55.12,7.30,30.50,0.87,0.28,0.00
416,0.79,0.00,0.25,0.08,0.01,0.00,3.59,9.11,2.64,1.20,14.12,64.16,0.34,1.82,1.17,0.75,0.00
417,8.00,0.00,1.16,0.31,0.08,0.02,0.66,1.51,1.54,0.19,6.49,68.93,1.10,6.26,1.74,2.03,0.00
418,0.05,0.00,0.25,0.06,0.00,0.00,0.68,1.54,20.92,0.04,22.09,51.74,0.43,1.39,0.56,0.25,0.00
419,0.22,0.00,0.35,0.13,0.01,0.00,0.32,0.02,0.61,0.00,18.02,75.15,0.62,3.24,0.97,0.34,0.00
420,0.59,0.00,1.81,0.34,0.03,0.01,0.17,0.21,0.02,0.04,0.04,75.36,1.59,18.86,0.67,0.26,0.00
421,0.52,0.00,1.32,0.41,0.14,0.05,0.59,0.09,0.86,0.02,13.91,72.79,1.31,5.63,1.54,0.81,0.00
422,0.37,0.00,0.51,0.19,0.03,0.00,24.36,0.26,0.47,0.06,0.09,69.86,0.15,2.95,0.38,0.30,0.00
423,0.32,0.00,1.99,0.44,0.03,0.00,0.31,0.74,0.40,0.70,0.04,78.01,1.61,11.40,1.27,2.73,0.00
424,0.52,0.00,0.41,0.10,0.01,0.00,0.16,0.27,0.03,0.01,0.50,88.61,2.91,5.59,0.78,0.12,0.00
425,0.55,0.00,0.33,0.13,0.00,0.00,1.73,0.01,0.01,0.01,7.56,85.91,2.59,0.99,0.14,0.04,0.00
426,1.87,0.00,0.07,0.01,0.00,0.00,0.45,0.00,15.31,0.00,27.58,49.41,0.13,2.89,1.96,0.32,0.00
427,0.09,0.00,1.24,0.27,0.02,0.00,0.11,0.03,0.55,0.00,5.81,49.37,4.17,35.77,2.06,0.49,0.00
428,0.20,0.00,0.69,0.25,0.11,0.04,0.19,0.04,2.03,0.00,18.63,65.76,0.88,9.08,1.63,0.46,0.00
429,0.30,0.00,0.69,0.19,0.04,0.00,0.34,0.00,1.51,0.00,12.75,58.72,2.57,20.35,2.37,0.17,0.00
430,0.05,0.00,0.20,0.05,0.01,0.00,0.24,0.21,26.66,0.00,35.02,35.21,0.34,0.86,0.98,0.18,0.00
431,0.33,0.00,0.84,0.34,0.13,0.03,0.48,0.16,2.44,0.00,39.05,50.08,1.95,1.11,2.47,0.59,0.00
432,2.71,0.00,2.44,0.16,0.02,0.00,0.03,9.34,9.92,4.88,0.01,61.65,0.61,4.81,2.95,0.47,0.00
433,0.13,0.00,0.49,0.07,0.01,0.00,0.01,0.59,10.54,0.08,34.89,45.36,3.13,1.70,2.82,0.18,0.00
434,0.24,0.00,1.89,0.45,0.10,0.01,0.00,0.17,6.39,0.02,29.85,48.49,9.50,2.04,0.81,0.03,0.00
435,0.08,0.00,0.33,0.06,0.00,0.00,0.01,0.19,18.25,0.74,17.55,60.82,1.13,0.36,0.42,0.06,0.00
436,0.39,0.00,0.40,0.09,0.01,0.00,0.14,0.81,4.81,0.01,45.56,38.03,1.35,5.49,2.44,0.47,0.00
437,0.11,0.00,0.44,0.16,0.08,0.01,1.19,0.00,0.47,0.00,30.32,65.06,0.41,0.48,0.82,0.43,0.00
438,0.05,0.00,0.96,0.64,0.25,0.03,2.69,0.02,1.12,0.01,52.38,39.46,1.31,0.12,0.52,0.46,0.00
439,0.40,0.00,0.83,0.12,0.01,0.00,0.06,0.17,0.12,0.21,0.02,89.61,0.65,5.38,0.40,1.99,0.00
440,3.09,0.00,0.21,0.15,0.02,0.00,0.24,0.01,0.02,0.00,0.02,89.63,0.12,0.91,0.23,5.35,0.00
441,0.31,0.00,2.44,0.24,0.03,0.01,0.10,0.26,0.02,0.00,0.09,68.14,7.09,15.35,2.13,3.78,0.00
442,2.26,0.00,0.20,0.05,0.00,0.00,0.02,0.05,0.03,0.01,0.02,89.68,0.19,0.31,0.37,6.81,0.00
443,3.27,0.00,9.74,4.73,1.35,0.55,0.43,39.89,18.07,0.97,1.94,6.76,11.11,0.02,1.18,0.00,0.00
444,2.50,0.00,9.01,4.63,1.47,0.73,0.49,29.33,22.08,1.49,1.90,7.28,16.23,0.15,2.70,0.01,0.00
445,2.66,0.00,5.46,1.39,0.40,0.16,0.36,36.01,20.79,3.56,2.63,6.34,18.24,0.55,1.44,0.02,0.00
446,0.56,0.00,3.91,0.99,0.16,0.04,0.27,51.06,26.96,0.49,2.74,6.57,5.31,0.03,0.92,0.00,0.00
447,1.28,0.00,6.80,2.52,0.68,0.24,0.14,44.93,10.03,3.58,2.50,3.39,22.13,0.74,1.01,0.02,0.00
448,2.08,0.00,6.70,2.07,0.69,0.19,0.27,34.41,19.80,4.38,3.66,4.59,13.68,3.21,4.16,0.09,0.00
449,2.95,0.00,8.79,3.60,1.56,0.48,0.26,30.15,22.51,4.28,2.53,6.55,10.85,1.56,3.84,0.10,0.00
450,0.88,0.00,4.19,1.19,0.16,0.06,0.10,47.88,24.92,0.51,2.57,5.96,9.99,0.01,1.57,0.00,0.00
451,0.93,0.00,6.95,2.94,0.59,0.23,0.11,52.95,11.44,2.19,1.41,4.65,15.03,0.08,0.47,0.00,0.00
452,0.55,0.00,3.59,0.28,0.04,0.01,0.00,18.59,1.18,0.22,0.00,16.32,9.73,45.37,1.85,2.27,0.00
453,13.35,0.00,4.01,0.36,0.05,0.01,0.01,47.09,0.00,0.00,0.00,11.40,10.67,9.69,0.39,2.98,0.00
454,8.19,0.00,3.86,0.52,0.15,0.05,0.06,0.44,0.02,0.00,0.00,9.58,9.08,61.23,0.58,6.24,0.00
455,3.44,0.00,3.73,0.23,0.03,0.01,0.07,1.36,0.01,0.00,0.00,36.27,20.03,24.41,0.61,9.79,0.00
456,6.44,0.00,4.28,0.47,0.13,0.03,0.10,0.95,0.00,0.00,0.00,2.16,5.35,71.96,0.30,7.81,0.00
457,7.32,0.00,3.57,0.23,0.01,0.00,0.04,0.42,0.05,0.01,0.00,14.62,17.38,49.26,0.49,6.60,0.00
458,1.32,0.00,4.05,0.60,0.10,0.03,0.01,0.27,0.02,0.00,0.00,10.27,3.99,74.00,0.20,5.14,0.01
459,1.12,0.00,3.79,0.80,0.06,0.00,0.33,0.24,0.00,0.00,0.01,17.71,1.41,71.54,0.02,2.95,0.01
460,2.46,0.00,3.95,0.34,0.07,0.01,0.02,0.50,0.04,0.01,0.04,7.01,20.61,57.76,0.24,6.93,0.00
461,5.00,0.00,3.62,0.24,0.02,0.00,0.03,0.64,0.07,0.00,0.00,13.66,36.16,32.03,0.63,7.88,0.00
462,9.90,0.00,3.66,0.31,0.08,0.02,0.02,0.69,0.00,0.00,0.03,24.05,8.69,48.74,0.03,3.79,0.00
463,0.49,0.00,3.74,0.41,0.09,0.02,0.08,3.84,0.00,0.00,0.03,22.86,19.83,47.48,0.10,1.03,0.00
464,0.96,0.00,4.71,0.67,0.32,0.10,0.05,0.41,0.00,0.00,0.07,22.27,10.55,57.91,0.02,1.95,0.00
465,0.95,0.00,4.11,0.48,0.21,0.06,0.05,0.62,0.00,0.00,0.02,9.83,29.22,52.12,0.03,2.30,0.00
466,2.35,0.00,4.28,0.54,0.19,0.05,0.16,1.11,0.00,0.00,0.00,1.97,14.21,65.18,0.32,9.66,0.00
467,0.36,0.00,5.49,0.95,0.42,0.14,0.05,1.08,0.01,0.16,0.07,3.89,5.88,80.49,0.08,0.94,0.00
468,1.41,0.00,5.27,1.27,0.43,0.12,0.06,1.70,0.01,0.11,0.03,2.05,2.26,82.42,0.72,2.13,0.00
469,0.54,0.00,5.60,2.05,0.58,0.19,0.05,2.65,0.04,0.00,0.00,4.74,3.85,77.71,1.50,0.49,0.00
470,5.65,0.00,4.72,2.02,0.94,0.61,0.11,1.49,0.02,0.03,0.03,2.86,2.51,70.34,3.91,4.76,0.00
471,0.33,0.00,5.10,1.23,0.18,0.05,0.01,1.54,0.01,0.01,0.02,3.51,9.16,77.90,0.33,0.64,0.00
472,1.01,0.00,5.12,2.32,0.63,0.22,0.05,9.54,0.04,0.03,0.20,4.92,20.81,53.07,1.47,0.58,0.00
473,2.07,0.00,6.36,2.85,1.32,0.40,0.13,12.43,0.78,0.11,0.38,2.84,16.10,52.72,0.80,0.70,0.00
474,0.90,0.00,4.96,4.04,1.41,0.60,0.05,7.58,0.02,0.01,0.03,11.67,3.91,63.59,1.05,0.17,0.00
475,1.09,0.00,3.86,1.42,0.43,0.18,0.01,7.91,0.04,0.08,0.09,24.09,15.47,44.49,0.77,0.09,0.00
476,6.64,0.00,3.85,3.05,0.94,0.38,0.21,2.03,0.00,0.01,0.00,9.88,0.22,68.47,3.83,0.49,0.00
477,0.73,0.00,3.72,0.79,0.08,0.03,0.01,2.80,0.01,0.00,0.00,21.21,1.35,68.62,0.58,0.08,0.00
478,0.93,0.00,4.01,1.27,0.30,0.15,0.04,2.66,0.00,0.00,0.00,26.53,0.17,62.29,1.49,0.15,0.00
479,0.47,0.00,6.13,1.75,0.48,0.20,0.02,12.10,0.24,0.01,0.02,15.09,11.96,50.81,0.15,0.58,0.00
480,1.10,0.00,4.82,1.05,0.33,0.12,0.01,0.85,0.06,0.04,0.00,0.31,1.55,87.08,1.47,1.21,0.00
481,0.88,0.00,3.79,0.51,0.06,0.01,0.04,5.34,0.15,0.09,0.12,5.55,7.87,65.44,4.05,6.12,0.00
482,2.19,0.00,4.64,1.06,0.37,0.07,0.01,0.72,0.07,0.00,0.00,0.07,1.24,88.67,0.83,0.06,0.00
483,1.92,0.00,3.88,0.77,0.07,0.02,0.02,7.08,0.21,0.00,0.19,1.35,9.61,60.00,2.76,12.12,0.00
484,14.92,0.00,1.12,0.17,0.03,0.00,0.02,3.79,0.63,0.01,0.61,0.98,2.99,7.25,46.00,21.47,0.01
485,1.39,0.00,1.31,0.50,0.20,0.06,0.03,21.65,2.82,6.85,4.65,1.05,4.00,0.83,47.63,7.02,0.00
486,1.49,0.00,2.28,0.60,0.08,0.02,1.03,1.74,68.06,3.92,15.68,2.95,0.85,0.33,0.90,0.08,0.00
487,0.27,0.01,0.95,0.50,0.07,0.02,0.78,0.08,79.40,0.09,15.52,1.84,0.00,0.00,0.41,0.04,0.00
488,1.87,0.00,0.50,0.27,0.09,0.02,1.73,0.01,84.26,0.00,8.25,2.44,0.00,0.01,0.41,0.14,0.00
489,2.85,9.05,0.27,0.11,0.05,0.02,27.83,0.04,41.60,0.01,13.53,4.37,0.02,0.00,0.22,0.03,0.00
490,0.74,0.00,0.45,0.05,0.01,0.00,1.41,0.00,88.67,0.01,8.01,0.57,0.01,0.00,0.01,0.07,0.00
491,1.31,0.00,0.71,0.11,0.03,0.01,1.27,0.12,81.98,0.24,12.28,1.51,0.02,0.03,0.03,0.36,0.00
492,0.99,0.00,1.31,0.36,0.10,0.02,2.01,0.19,65.08,0.12,23.68,3.85,0.58,0.94,0.01,0.77,0.00
493,0.10,0.00,2.48,0.44,0.09,0.02,0.04,2.34,69.30,0.48,21.18,3.30,0.04,0.09,0.00,0.10,0.00
494,1.37,0.00,3.05,0.80,0.38,0.18,0.35,41.37,10.83,16.93,3.91,0.98,7.63,1.89,9.35,0.96,0.00
495,3.41,0.00,3.30,1.64,0.53,0.14,0.87,22.17,10.91,4.09,1.44,3.52,2.54,1.76,40.06,3.63,0.00
496,9.70,0.00,4.07,2.28,0.69,0.21,1.53,17.47,8.78,3.89,2.19,5.15,1.83,3.47,36.31,2.43,0.00
497,2.50,0.00,4.17,1.49,0.14,0.02,0.22,29.95,8.04,3.50,2.73,7.25,6.18,6.90,24.97,1.93,0.00
498,0.69,0.00,4.36,1.09,0.10,0.01,0.07,52.23,8.05,4.31,2.92,7.52,1.23,4.60,11.91,0.90,0.00
499,2.87,0.00,5.56,1.81,0.29,0.07,0.11,29.00,17.21,4.71,5.39,10.14,3.05,4.43,13.54,1.81,0.00
500,1.68,0.00,4.67,2.04,0.36,0.12,0.17,32.62,5.63,1.71,2.60,6.94,10.61,17.79,11.41,1.64,0.00
501,1.96,0.00,4.25,1.23,0.14,0.04,0.10,41.31,11.65,7.22,3.68,5.78,1.77,7.51,11.14,2.23,0.00
502,1.55,0.00,4.82,2.92,0.62,0.15,0.34,24.75,6.84,2.55,2.43,6.40,7.01,10.33,25.65,3.64,0.00
503,7.28,0.00,3.01,0.44,0.14,0.05,0.02,36.36,2.38,2.53,3.44,1.60,9.47,2.28,21.66,9.32,0.00
504,5.68,0.00,5.05,0.21,0.06,0.02,0.03,42.81,10.24,10.46,8.80,3.11,2.39,1.35,6.20,3.59,0.00
505,2.84,0.00,2.45,0.68,0.24,0.10,0.16,54.77,6.82,14.35,1.56,0.79,0.74,1.26,12.30,0.94,0.00
506,7.66,0.00,3.81,0.30,0.08,0.03,0.06,42.14,6.69,10.02,3.46,0.49,3.30,1.34,19.92,0.71,0.00
507,3.82,0.00,3.14,0.28,0.02,0.00,0.00,61.74,0.58,1.47,0.98,0.86,4.75,11.72,9.06,1.59,0.00
508,2.10,0.00,2.86,0.43,0.05,0.02,0.00,47.51,1.03,4.82,2.28,0.95,2.06,11.49,20.92,3.50,0.00
509,2.45,0.00,3.19,0.25,0.03,0.00,0.01,54.05,1.93,11.60,0.99,0.83,0.46,5.66,16.58,1.94,0.00
510,12.47,0.00,3.81,0.53,0.12,0.05,0.03,25.49,4.20,13.33,1.53,0.80,0.15,1.82,30.59,5.09,0.00
511,3.51,0.00,2.94,0.29,0.04,0.02,0.02,48.87,3.67,6.09,1.68,0.76,0.25,3.07,26.69,2.10,0.00
512,3.06,0.00,4.11,0.73,0.22,0.10,0.10,38.20,4.17,7.86,1.98,2.28,1.51,4.73,28.80,2.13,0.00
513,0.54,0.00,2.68,0.71,0.06,0.01,0.16,24.75,4.75,7.23,1.98,2.22,5.55,2.84,45.16,1.37,0.00
514,7.95,0.00,3.75,1.66,1.10,0.36,10.81,29.28,3.06,11.47,10.58,1.75,2.26,0.28,13.07,2.63,0.00
515,14.82,0.00,0.88,0.10,0.04,0.01,0.02,14.36,17.56,19.97,6.77,0.63,0.07,0.04,22.61,2.11,0.01
516,2.45,0.00,2.08,0.35,0.08,0.01,0.24,16.97,3.49,7.79,4.81,0.67,5.62,1.39,44.97,9.07,0.00
517,4.08,0.00,1.92,0.37,0.17,0.06,0.18,16.68,11.80,11.83,7.84,0.88,1.45,0.08,39.53,3.12,0.00
518,11.00,0.00,3.13,0.48,0.08,0.02,0.05,47.91,5.60,0.98,4.11,1.93,5.74,2.69,10.55,5.73,0.00
519,13.38,0.00,2.79,0.44,0.13,0.04,0.10,34.31,7.89,2.75,2.54,0.78,7.89,1.14,18.60,7.23,0.00
520,8.95,0.00,2.46,0.54,0.15,0.05,0.33,23.84,8.47,13.86,7.87,1.29,2.02,0.23,26.42,3.50,0.00
521,1.81,0.00,2.87,1.31,0.62,0.19,0.18,35.83,15.86,17.02,6.42,0.23,0.98,0.08,15.94,0.67,0.00
522,3.64,0.00,2.63,0.79,0.20,0.06,0.33,42.21,9.12,14.60,2.30,1.31,3.24,1.66,16.20,1.71,0.00
523,2.93,0.00,2.52,0.33,0.08,0.04,0.16,35.86,10.53,12.36,3.27,2.61,0.42,0.42,26.87,1.59,0.00
524,4.08,0.00,2.70,0.80,0.47,0.19,1.19,42.33,8.45,18.44,2.16,2.47,0.10,0.05,16.13,0.44,0.00
525,2.35,0.00,2.59,0.44,0.07,0.01,0.29,41.39,16.99,4.36,3.65,4.74,0.09,0.09,20.98,1.96,0.00
526,1.01,0.00,1.41,0.31,0.06,0.01,0.03,8.74,9.60,1.32,0.92,1.59,0.11,0.04,57.56,17.28,0.00
527,0.28,0.00,3.87,1.70,0.58,0.22,0.42,17.61,8.44,5.74,0.85,3.30,14.07,9.45,29.35,4.12,0.00
528,5.79,0.00,9.56,6.68,4.48,2.27,0.07,29.38,1.41,1.05,0.53,2.37,21.05,10.44,1.73,3.19,0.00
529,1.19,0.00,4.58,1.62,0.43,0.19,0.01,31.69,1.50,1.35,0.69,1.18,8.28,40.93,4.73,1.63,0.00
530,4.57,0.00,5.03,1.74,0.38,0.17,0.05,27.53,7.58,4.62,2.73,6.63,2.65,20.15,9.24,6.90,0.00
531,2.67,0.00,4.20,1.26,0.17,0.05,0.05,25.91,4.07,2.22,0.21,0.41,6.15,38.04,9.32,5.27,0.00
532,0.73,0.00,3.60,0.53,0.10,0.01,0.00,39.49,1.39,3.63,0.61,0.62,5.90,16.29,26.57,0.52,0.00
533,1.71,0.00,4.40,1.91,0.42,0.11,0.13,16.13,1.16,1.60,0.49,0.69,14.79,36.67,16.38,3.42,0.00
534,1.36,0.00,4.59,2.89,0.46,0.13,0.58,11.79,0.24,3.66,0.78,0.37,36.90,15.29,20.08,0.87,0.00
535,3.97,0.00,8.50,5.42,3.27,1.23,0.02,17.26,1.84,0.08,0.63,3.77,13.74,27.30,1.44,11.53,0.00
536,6.74,0.00,6.19,4.48,2.31,0.81,0.15,9.59,0.25,0.04,2.35,1.92,16.73,43.78,0.40,4.26,0.00
537,13.02,0.00,4.50,0.74,0.23,0.07,0.05,19.33,1.03,0.03,0.77,4.52,14.33,35.45,0.76,5.18,0.00
538,3.03,0.00,3.75,1.59,0.45,0.12,0.01,14.59,0.59,0.08,0.64,3.05,27.41,35.60,2.90,6.18,0.00
539,2.24,0.00,4.16,0.55,0.18,0.05,0.05,17.64,3.11,0.04,2.73,3.73,19.52,33.16,3.02,9.80,0.00
540,11.21,0.00,5.69,3.42,1.03,0.35,1.50,30.64,3.75,2.19,1.50,8.68,3.78,15.27,9.62,1.36,0.00
541,4.72,0.00,4.66,2.01,0.30,0.04,0.11,37.42,9.69,2.18,4.48,11.62,0.70,4.24,15.84,2.00,0.00
542,0.11,0.00,3.77,1.70,0.24,0.05,0.02,11.49,0.08,0.01,0.54,0.63,31.37,49.51,0.17,0.30,0.00
543,2.83,0.00,3.81,1.54,0.33,0.10,0.04,35.52,0.88,0.21,0.76,4.23,17.15,29.25,2.29,1.06,0.00
544,0.13,0.00,4.48,2.65,0.66,0.20,0.06,6.09,0.07,0.00,0.01,12.24,14.46,58.48,0.38,0.10,0.00
545,0.47,0.00,5.31,4.98,1.24,0.49,0.09,7.70,0.11,0.09,0.58,1.38,16.96,58.21,1.25,1.13,0.00
546,3.47,0.00,9.61,11.39,4.57,1.70,0.57,13.01,0.31,1.05,0.66,1.47,10.99,31.34,7.30,2.56,0.00
547,3.45,0.00,4.04,3.87,1.15,0.36,0.17,7.15,0.25,0.22,0.39,0.37,16.11,49.99,3.97,8.51,0.00
548,9.56,0.00,5.12,6.64,2.87,1.03,0.22,5.13,0.06,0.81,0.44,0.53,24.75,33.46,6.16,3.23,0.00
549,0.61,0.00,4.08,3.86,1.03,0.34,0.08,4.44,0.00,0.01,0.01,0.43,3.04,81.66,0.40,0.01,0.00
550,1.61,0.00,7.65,29.03,29.38,17.66,0.73,2.43,0.07,0.19,0.93,1.55,1.01,3.52,3.87,0.37,0.00
551,0.67,0.00,2.38,2.41,0.54,0.15,0.05,3.81,0.15,0.07,0.79,1.87,1.65,78.00,6.58,0.88,0.00
552,1.23,0.00,3.74,3.37,0.61,0.22,0.08,10.67,0.20,0.03,0.06,1.77,1.99,74.87,1.05,0.11,0.00
553,0.61,0.00,10.48,14.04,11.27,4.51,0.51,6.62,0.03,0.66,0.41,3.50,5.16,36.59,3.50,2.13,0.00
554,1.19,0.00,10.65,26.22,11.10,4.55,0.41,7.24,0.08,0.86,1.08,3.58,5.62,24.26,2.92,0.26,0.00
555,0.68,0.00,4.50,3.07,0.76,0.25,0.08,10.31,0.06,0.04,0.08,0.56,8.59,70.37,0.45,0.19,0.00
556,0.90,0.00,6.48,3.13,0.97,0.42,0.11,9.02,0.07,0.05,0.20,0.95,6.66,69.20,1.55,0.29,0.00
557,0.85,0.00,8.55,5.53,2.40,1.00,0.06,11.23,0.13,0.23,0.12,0.93,7.06,61.64,0.18,0.10,0.00
558,1.12,0.00,9.31,5.03,1.81,0.65,0.07,11.42,0.15,0.02,0.00,1.49,10.64,58.04,0.00,0.25,0.00
559,0.75,0.00,6.70,2.94,1.17,0.48,0.12,36.97,1.06,0.18,0.40,1.48,13.72,33.94,0.02,0.07,0.00
560,0.39,0.00,4.08,1.71,0.46,0.17,0.02,3.70,0.01,0.56,0.00,0.72,5.36,82.73,0.04,0.05,0.00
561,0.66,0.00,6.43,2.35,0.72,0.29,0.00,12.81,0.07,0.01,0.04,1.21,9.49,65.77,0.05,0.11,0.00
562,3.38,0.00,6.08,2.32,0.63,0.29,0.11,9.50,0.25,0.01,0.64,0.50,7.21,61.06,6.91,1.12,0.00
563,1.95,0.00,6.97,5.40,1.64,0.82,0.26,11.07,0.45,0.27,0.49,1.31,11.04,47.34,10.57,0.43,0.00
564,1.02,0.00,5.34,1.19,0.17,0.06,0.04,9.85,0.17,0.00,0.34,1.05,3.13,75.97,1.17,0.51,0.00
565,2.69,0.00,7.34,5.85,2.08,0.87,1.16,24.61,4.15,2.29,1.49,6.70,4.12,24.21,10.89,1.55,0.00
566,1.20,0.00,6.04,5.69,1.85,0.69,0.55,14.34,0.44,0.41,0.35,1.62,13.05,44.53,9.07,0.17,0.00
567,1.21,0.00,7.16,5.16,1.90,0.84,0.36,13.53,0.58,0.39,0.19,0.74,17.80,39.90,9.97,0.27,0.00
568,3.25,0.00,10.47,6.34,2.23,0.92,0.56,22.15,0.86,0.84,0.21,1.17,15.94,19.49,14.34,1.25,0.00
569,0.69,0.00,7.95,7.66,6.52,2.74,0.36,6.60,0.05,0.08,0.08,0.97,3.92,59.27,2.42,0.69,0.00
570,0.91,0.00,11.25,11.52,6.61,3.08,0.39,16.84,0.66,0.06,0.10,1.65,4.79,39.57,2.20,0.37,0.00
571,1.11,0.00,5.33,2.36,0.51,0.22,0.45,7.40,0.03,0.00,0.00,0.65,0.86,78.75,1.60,0.74,0.00
572,2.26,0.00,7.04,4.87,1.76,0.82,1.15,6.88,0.07,0.00,0.00,1.38,1.25,66.80,0.16,5.56,0.00
573,0.59,0.00,4.72,3.99,1.06,0.37,0.18,13.89,0.81,0.52,0.54,1.57,10.81,50.22,10.02,0.69,0.00
574,0.26,0.00,1.97,0.42,0.12,0.02,0.03,70.13,7.47,8.72,0.99,0.11,6.83,1.16,1.55,0.21,0.00
575,5.72,0.00,0.53,0.05,0.01,0.00,0.07,59.40,14.81,10.15,3.29,0.12,0.04,0.02,5.05,0.73,0.00
576,3.04,0.00,0.87,0.10,0.02,0.00,0.12,53.71,19.45,4.93,4.36,0.83,1.65,0.44,9.84,0.64,0.00
577,6.97,0.00,2.85,0.61,0.14,0.03,0.26,33.23,32.26,17.09,0.97,0.62,0.47,0.46,3.85,0.18,0.00
578,6.18,0.00,1.57,0.24,0.06,0.02,0.06,47.78,26.50,10.31,1.61,0.28,0.25,0.11,4.46,0.56,0.00
579,2.66,0.00,0.16,0.01,0.00,0.00,0.02,64.02,8.60,2.00,5.08,0.81,1.44,0.30,14.08,0.81,0.00
580,0.74,0.00,1.10,0.24,0.04,0.01,0.07,43.09,13.86,2.93,6.72,2.36,15.12,5.53,7.69,0.48,0.00
581,1.09,0.00,2.70,0.42,0.06,0.01,0.09,49.64,9.37,26.84,1.47,0.17,2.75,0.06,4.58,0.77,0.00
582,1.62,0.00,7.04,3.51,2.32,0.58,0.38,31.43,10.08,5.77,1.82,0.59,19.38,3.14,10.51,1.83,0.00
583,0.72,0.00,2.74,0.75,0.20,0.03,0.10,50.65,10.70,25.05,0.96,0.32,3.86,0.79,2.88,0.25,0.00
584,3.09,0.00,3.98,0.79,0.24,0.04,0.15,58.44,5.52,17.49,0.47,0.09,2.26,0.16,6.75,0.54,0.00
585,2.72,0.00,5.05,1.28,0.50,0.09,0.14,65.04,6.00,6.83,0.78,0.12,5.66,0.47,4.83,0.48,0.00
586,0.47,0.00,3.59,1.49,0.58,0.08,0.10,33.96,24.48,22.09,1.20,0.22,8.04,1.65,1.79,0.25,0.00
587,2.44,0.00,4.38,1.79,0.69,0.15,0.34,30.38,23.63,21.79,1.11,0.31,4.28,0.52,7.24,0.94,0.00
588,0.51,0.00,12.79,3.16,1.01,0.30,0.19,51.88,0.17,1.25,5.10,0.44,7.76,10.35,4.92,0.17,0.00
589,5.05,0.00,9.84,2.94,1.11,0.30,0.44,64.93,1.38,2.33,0.55,0.39,1.59,0.65,8.08,0.43,0.00
590,0.13,0.00,0.16,0.03,0.01,0.00,0.90,18.50,56.47,20.07,2.42,0.49,0.01,0.00,0.76,0.04,0.02
591,0.99,0.00,3.30,1.64,0.49,0.07,0.05,35.13,11.68,16.88,0.92,0.20,17.33,5.86,4.55,0.89,0.02
592,1.97,0.00,4.10,1.93,0.71,0.18,0.15,24.54,18.16,25.49,2.52,0.40,9.34,6.28,4.01,0.21,0.01
593,4.03,0.00,0.80,0.23,0.07,0.01,0.54,29.33,19.08,27.37,9.81,1.57,0.16,0.27,6.31,0.41,0.02
594,1.50,0.00,2.81,1.08,0.37,0.08,0.10,32.26,15.36,34.48,3.06,0.66,1.96,1.75,4.32,0.20,0.00
595,8.07,0.00,7.65,5.31,2.68,0.64,0.36,10.80,18.59,17.07,2.42,0.42,7.73,12.20,4.97,1.09,0.00
596,0.34,0.00,1.28,0.59,0.18,0.03,0.11,43.26,18.24,29.19,3.76,0.99,0.13,0.20,1.57,0.13,0.00
597,2.86,0.00,2.88,1.10,0.27,0.04,0.19,27.40,21.39,33.60,1.24,0.35,2.79,0.56,4.73,0.58,0.00
598,10.75,0.00,4.18,1.47,0.46,0.12,0.24,17.69,14.12,35.03,3.58,0.60,2.47,0.89,7.48,0.92,0.00
599,1.92,0.00,2.79,1.10,0.32,0.06,0.17,32.46,18.50,27.64,3.92,1.09,2.36,0.82,6.22,0.64,0.00
600,1.39,0.00,0.09,0.05,0.01,0.00,0.70,3.13,34.65,16.32,22.32,1.73,0.00,0.00,18.01,1.58,0.01
601,17.27,0.00,0.40,0.16,0.05,0.01,1.52,5.76,23.42,21.23,16.55,1.12,0.00,0.00,11.04,1.47,0.00
602,1.80,0.00,0.14,0.04,0.01,0.00,0.67,23.53,17.58,34.20,13.77,1.21,0.02,0.09,6.53,0.40,0.02
603,0.51,0.00,0.02,0.01,0.00,0.00,0.50,19.88,29.41,26.30,14.07,1.01,0.01,0.02,7.70,0.52,0.05
604,1.54,0.00,4.71,1.84,0.70,0.11,0.20,40.48,8.73,4.72,3.92,0.16,22.40,4.00,5.28,1.21,0.00
605,0.64,0.00,1.61,0.19,0.03,0.01,0.02,76.90,6.77,10.86,0.11,0.27,1.17,0.21,1.15,0.06,0.00
606,1.87,0.00,0.85,0.15,0.04,0.02,0.01,47.89,24.75,21.44,0.63,0.10,0.05,0.07,1.98,0.17,0.00
607,3.17,0.00,14.50,13.81,9.03,2.31,0.49,25.49,5.99,2.41,1.54,1.03,7.53,4.04,7.95,0.70,0.00
608,5.52,0.00,5.92,2.20,0.86,0.20,0.22,44.25,10.79,11.97,1.07,0.19,5.36,0.42,10.24,0.79,0.00
609,3.33,0.00,10.21,6.29,4.40,1.53,0.30,49.18,3.83,2.84,1.26,0.38,5.69,0.54,9.31,0.89,0.00
610,3.06,0.00,12.42,18.20,31.01,15.49,0.37,8.59,2.00,0.27,0.19,0.56,0.56,0.05,4.81,2.40,0.00
611,4.24,0.00,9.64,10.22,10.87,4.42,0.78,19.56,7.37,3.79,0.55,2.05,4.78,2.09,17.37,2.26,0.00
612,2.40,0.00,9.13,7.56,3.92,1.34,0.86,13.07,13.07,16.88,2.04,1.01,7.50,1.12,14.51,5.58,0.00
613,3.20,0.00,18.86,14.90,16.37,9.72,0.81,21.55,1.53,1.60,0.46,0.92,1.70,0.45,5.38,2.55,0.00
614,2.85,0.00,8.68,8.35,6.84,1.94,0.64,22.69,15.27,11.81,1.93,0.60,4.84,0.82,11.01,1.72,0.00
615,4.05,0.00,10.28,6.50,3.42,1.38,0.45,26.26,6.94,4.85,2.60,0.27,15.18,6.97,9.56,1.30,0.00
616,1.32,0.66,0.00,0.00,0.00,0.00,70.62,0.01,1.86,0.00,16.66,8.68,0.00,0.00,0.00,0.18,0.00
617,1.05,0.00,0.32,0.14,0.02,0.00,10.69,0.01,37.88,0.00,47.47,2.18,0.00,0.00,0.00,0.24,0.00
618,3.20,0.00,0.73,0.32,0.07,0.01,0.50,0.08,68.59,0.08,25.60,0.60,0.00,0.00,0.00,0.21,0.00
619,0.39,0.00,1.18,0.21,0.07,0.02,0.10,0.85,80.91,1.76,12.38,1.19,0.64,0.05,0.00,0.26,0.00
620,1.15,0.00,2.35,0.49,0.14,0.05,0.09,2.98,76.56,2.89,10.53,2.77,0.00,0.00,0.00,0.01,0.00
621,7.51,0.00,1.04,0.93,0.23,0.06,0.18,0.09,44.69,0.05,40.85,3.89,0.02,0.01,0.01,0.45,0.00
622,1.75,0.00,0.95,0.19,0.01,0.00,0.08,0.22,73.48,0.64,21.40,1.02,0.00,0.00,0.00,0.26,0.00
623,0.30,0.00,2.09,0.50,0.10,0.03,0.01,2.62,57.49,5.32,26.10,5.11,0.01,0.02,0.00,0.29,0.00
624,0.35,0.00,0.38,0.22,0.08,0.02,0.76,0.37,33.67,0.15,57.49,6.21,0.04,0.01,0.13,0.13,0.00
625,0.00,0.00,0.28,0.06,0.01,0.00,0.73,0.02,1.71,0.04,88.99,8.11,0.00,0.00,0.04,0.00,0.00
626,1.16,0.00,0.06,0.01,0.00,0.00,22.87,0.08,36.95,0.02,33.35,5.01,0.00,0.00,0.01,0.48,0.00
627,0.41,0.00,0.11,0.01,0.00,0.00,3.47,0.01,69.57,0.00,25.03,1.12,0.00,0.00,0.00,0.27,0.00
628,0.81,0.00,0.47,0.03,0.00,0.00,0.66,0.44,68.48,0.42,26.97,1.56,0.00,0.00,0.01,0.15,0.00
629,0.36,0.00,0.69,0.09,0.01,0.00,0.14,2.97,57.49,0.94,34.66,2.64,0.00,0.00,0.00,0.03,0.00
630,0.09,0.00,1.42,0.58,0.23,0.06,0.24,1.99,15.37,0.76,51.04,26.88,0.50,0.31,0.11,0.42,0.00
631,0.88,0.00,3.84,0.93,0.29,0.08,0.10,38.69,7.27,12.78,1.77,0.77,19.29,10.03,2.56,0.71,0.00
632,1.77,0.00,4.55,0.82,0.23,0.07,0.11,46.92,6.20,14.18,0.69,0.36,15.94,3.67,3.80,0.69,0.00
633,1.98,0.00,3.30,0.51,0.11,0.02,0.31,64.14,7.41,11.24,0.44,0.57,5.93,1.14,2.77,0.13,0.00
634,3.39,0.00,4.27,1.03,0.31,0.09,0.08,26.47,2.66,6.54,6.62,0.68,24.74,18.84,3.41,0.85,0.00
635,0.21,0.00,2.59,0.46,0.14,0.03,0.10,51.14,6.43,7.17,3.37,0.53,21.53,5.75,0.46,0.11,0.00
636,0.33,0.00,4.14,0.79,0.13,0.04,0.08,35.47,5.53,5.18,2.53,0.33,22.96,17.68,3.98,0.83,0.00
637,4.53,0.00,5.13,2.87,0.38,0.13,0.02,38.60,0.74,0.03,1.96,3.02,10.78,24.75,6.87,0.20,0.00
638,1.23,0.00,8.44,4.83,1.39,0.51,0.11,35.07,1.59,0.69,0.84,1.56,16.51,24.25,2.74,0.25,0.00
639,1.13,0.00,19.16,11.74,2.92,0.81,0.04,49.19,1.01,0.09,0.16,4.27,3.44,3.87,2.13,0.03,0.00
640,3.59,0.00,21.21,18.46,7.67,3.54,0.24,20.98,0.64,0.05,0.12,2.45,9.35,8.99,2.56,0.16,0.00
641,2.25,0.00,9.02,1.10,0.33,0.11,0.27,68.15,5.75,1.84,0.40,0.28,0.48,0.22,9.39,0.42,0.00
642,3.27,0.00,6.66,1.00,0.22,0.06,0.23,61.36,5.94,13.12,0.70,0.18,1.46,0.31,5.14,0.33,0.00
643,0.41,0.00,1.79,0.23,0.06,0.01,0.35,61.88,2.98,20.10,3.84,0.60,3.90,1.36,2.04,0.45,0.00
644,0.64,0.00,2.07,0.44,0.16,0.04,0.25,62.40,4.98,17.24,4.05,0.78,4.25,1.09,1.38,0.22,0.00
645,13.08,0.00,6.46,5.95,5.60,4.77,0.74,3.09,0.71,1.23,1.21,0.56,2.87,12.87,16.12,24.74,0.00
646,6.13,0.00,7.38,3.88,1.63,0.67,0.39,2.61,6.63,1.53,3.23,1.45,4.00,25.28,26.40,8.79,0.00
647,3.66,0.00,1.43,0.19,0.02,0.01,0.13,0.04,3.23,0.06,1.09,0.74,0.35,14.86,69.14,5.04,0.00
648,5.94,0.00,6.52,5.26,2.76,0.95,3.86,2.61,2.96,1.47,1.61,0.27,3.65,13.98,17.65,30.51,0.00
649,0.57,0.00,5.86,1.37,0.54,0.16,0.11,5.46,20.44,3.23,9.00,5.61,3.36,24.20,19.05,1.06,0.00
650,0.99,0.00,6.90,2.85,1.27,0.51,0.12,7.78,3.51,2.21,2.09,0.44,11.67,39.25,19.41,1.03,0.00
651,6.78,0.00,7.52,6.99,2.64,0.48,6.56,0.09,6.43,0.23,3.71,1.34,0.07,1.78,11.46,43.92,0.00
652,1.34,0.00,4.61,2.08,0.59,0.16,0.34,0.52,23.24,1.36,11.81,4.27,3.10,12.83,31.77,1.97,0.00
653,4.36,0.00,2.20,0.66,0.25,0.09,0.22,0.61,9.13,0.69,5.34,2.12,0.98,6.86,62.61,3.87,0.00
654,1.20,0.00,15.94,9.16,3.97,1.25,0.24,18.85,1.38,0.95,3.73,0.69,18.67,19.15,4.60,0.22,0.00
655,1.88,0.00,14.87,6.33,2.89,0.67,0.61,45.91,1.69,0.97,3.83,0.51,7.75,8.03,3.86,0.20,0.00
656,1.08,0.00,14.16,5.39,2.34,0.79,0.15,31.63,2.34,2.48,1.79,0.28,23.39,12.91,1.15,0.10,0.00
657,1.58,0.00,13.62,10.80,5.57,2.60,0.89,6.47,0.25,0.40,1.96,0.26,22.28,32.31,0.88,0.12,0.00
658,4.73,0.00,30.53,20.80,18.87,8.29,0.18,8.39,0.14,0.20,0.21,0.06,0.08,0.30,6.79,0.44,0.00
659,1.83,0.00,19.36,10.88,5.59,2.23,0.29,6.93,0.05,0.15,0.44,0.33,0.73,1.02,47.09,3.07,0.00
660,7.63,0.00,5.28,11.18,25.82,27.77,1.30,0.84,0.02,0.00,0.60,2.10,0.20,0.08,9.71,7.46,0.00
661,2.31,0.00,4.78,1.84,0.64,0.21,0.07,9.61,7.22,3.94,8.97,1.09,32.84,14.22,10.57,1.70,0.00
662,1.15,0.00,4.33,1.34,0.43,0.13,0.09,15.64,18.15,8.33,10.21,2.08,12.62,7.93,16.58,0.99,0.00
663,0.86,0.00,6.07,3.39,1.14,0.43,0.83,14.09,26.91,4.64,6.58,12.47,4.91,7.14,10.14,0.42,0.00
664,0.73,0.00,3.90,0.74,0.20,0.06,0.05,19.75,25.30,12.87,12.05,3.19,9.24,2.92,8.68,0.33,0.00
665,2.50,0.00,4.34,0.96,0.23,0.08,0.04,34.69,8.88,4.60,10.20,1.44,11.15,13.83,6.51,0.55,0.00
666,0.56,0.00,4.86,1.05,0.24,0.08,0.21,2.96,33.25,8.06,16.15,6.10,8.05,4.79,13.26,0.38,0.00
667,0.80,0.00,4.73,1.41,0.32,0.14,0.10,6.81,22.75,3.51,9.22,4.74,8.45,25.05,11.32,0.65,0.00
668,0.59,0.00,4.78,1.77,0.43,0.22,0.12,4.33,22.65,4.84,3.23,5.24,6.43,27.18,16.44,1.75,0.00
669,0.86,0.00,4.50,1.26,0.40,0.13,0.08,30.61,16.65,13.97,13.43,2.16,6.90,3.10,5.86,0.09,0.00
670,4.51,0.00,3.46,0.89,0.21,0.08,0.11,44.15,9.63,5.75,14.73,3.21,8.13,3.29,1.68,0.17,0.00
671,0.44,0.00,4.22,1.30,0.30,0.12,0.47,20.62,24.62,6.48,3.24,8.31,6.94,13.72,8.75,0.46,0.00
672,0.50,0.00,5.05,1.99,0.51,0.18,0.13,3.22,20.33,2.26,8.29,5.09,6.05,24.10,21.08,1.22,0.00
673,1.56,0.00,6.73,2.38,0.86,0.32,0.22,14.22,14.73,4.90,7.22,3.38,4.52,24.09,13.74,1.15,0.00
674,4.89,0.00,14.58,10.70,5.90,2.50,0.45,32.93,3.22,3.78,1.63,0.58,3.10,7.99,6.86,0.88,0.00
675,0.66,0.00,6.11,1.58,0.41,0.13,0.22,2.42,25.75,6.92,13.40,6.86,10.51,9.29,13.24,2.51,0.00
676,7.28,0.00,2.73,0.84,0.38,0.16,0.52,6.04,11.20,3.17,4.57,2.21,4.22,7.85,46.71,2.13,0.00
677,0.26,0.00,2.43,0.24,0.06,0.03,0.03,19.83,33.74,17.50,11.23,5.86,2.57,0.60,5.57,0.06,0.00
678,0.58,0.00,2.88,0.76,0.20,0.05,0.01,8.02,31.86,11.33,10.45,2.61,12.80,2.30,15.97,0.18,0.00
679,0.19,0.00,4.41,0.57,0.08,0.01,0.02,79.90,3.82,2.25,0.19,0.03,6.92,1.41,0.18,0.02,0.00
680,0.64,0.00,4.79,0.84,0.09,0.01,0.03,81.05,4.06,4.93,0.25,0.03,2.58,0.59,0.11,0.00,0.00
681,0.27,0.00,6.00,0.56,0.16,0.07,0.08,52.02,6.21,1.71,0.81,0.82,30.99,0.16,0.12,0.01,0.00
682,0.52,0.00,4.59,0.40,0.11,0.03,0.09,80.22,4.63,2.85,0.76,0.83,4.86,0.05,0.06,0.00,0.00
683,0.90,0.00,2.21,0.26,0.03,0.00,0.08,81.80,5.13,4.12,0.88,0.57,3.92,0.02,0.07,0.00,0.00
684,0.05,0.00,10.38,2.77,0.75,0.27,0.16,36.62,7.72,3.56,0.77,1.40,34.32,0.73,0.51,0.00,0.00
685,1.20,0.00,4.12,0.57,0.14,0.04,0.10,74.12,10.37,5.11,0.75,1.08,2.22,0.04,0.13,0.00,0.00
686,0.00,0.00,2.03,0.21,0.04,0.00,0.11,76.98,13.39,4.30,2.27,0.22,0.42,0.00,0.01,0.00,0.00
687,1.63,0.00,16.17,3.78,1.29,0.45,0.21,42.06,7.82,3.74,1.06,2.56,17.97,1.01,0.26,0.00,0.00
688,0.02,0.00,3.02,0.19,0.08,0.02,0.25,84.35,0.81,0.31,1.40,1.05,8.39,0.05,0.06,0.00,0.00
689,0.06,0.00,4.39,0.61,0.19,0.06,0.14,72.39,5.84,3.04,1.79,2.62,8.54,0.15,0.17,0.00,0.00
690,0.11,0.00,2.08,0.23,0.02,0.00,0.01,77.06,7.60,6.65,0.36,1.23,4.58,0.08,0.00,0.00,0.00
691,0.95,0.00,9.04,6.12,2.20,0.96,0.17,22.07,3.27,1.17,0.10,0.05,35.17,18.36,0.27,0.11,0.00
692,1.60,0.00,7.20,2.98,0.84,0.29,0.12,43.38,4.52,3.26,0.05,0.06,24.26,10.95,0.35,0.15,0.00
693,0.53,0.00,3.12,0.48,0.14,0.04,0.12,81.86,4.34,4.42,0.12,0.04,4.09,0.61,0.08,0.01,0.00
694,0.80,0.00,3.91,0.72,0.21,0.06,0.21,74.54,4.70,4.93,0.11,0.08,8.19,1.43,0.07,0.04,0.00
695,2.24,0.00,8.23,7.29,6.87,2.59,4.96,59.58,2.17,2.34,1.35,0.39,0.76,0.76,0.43,0.06,0.00
696,2.66,0.00,9.52,5.02,1.75,0.71,0.33,30.51,6.82,5.07,2.27,5.40,27.25,2.02,0.66,0.02,0.00
697,3.29,0.00,7.58,3.15,1.09,0.52,0.42,31.32,10.33,6.13,3.48,3.71,24.33,3.22,1.41,0.03,0.00
698,0.44,0.00,3.63,1.37,0.46,0.08,0.18,70.30,8.78,4.87,2.07,2.87,4.51,0.20,0.24,0.00,0.00
699,1.41,0.00,3.94,1.39,0.40,0.14,0.12,65.81,6.76,4.53,2.31,2.36,10.17,0.33,0.32,0.00,0.00
700,1.41,0.00,9.05,2.44,0.80,0.24,0.21,18.02,0.22,11.19,0.56,0.18,11.56,25.25,16.32,2.56,0.00
701,1.13,0.00,9.05,3.33,1.32,0.57,0.04,27.67,0.47,10.81,0.37,0.15,16.16,15.27,12.56,1.11,0.00
702,2.47,0.00,12.57,3.64,1.48,0.54,0.19,36.92,4.07,12.63,0.45,0.10,5.93,9.61,9.09,0.31,0.00
703,1.71,0.00,3.43,0.39,0.09,0.02,0.02,61.85,3.65,17.45,1.11,0.90,1.92,0.59,6.74,0.14,0.00
704,0.43,0.00,4.66,2.17,0.58,0.16,0.52,48.03,5.25,11.31,2.44,11.51,12.30,0.48,0.16,0.00,0.00
705,12.84,0.00,5.95,2.74,0.76,0.32,0.15,21.95,4.87,5.74,4.30,2.94,26.80,7.16,3.35,0.13,0.00
706,0.91,0.00,2.86,0.73,0.13,0.02,0.23,73.90,2.08,8.16,1.46,2.86,5.33,1.16,0.14,0.01,0.00
707,0.49,0.00,5.40,2.22,0.55,0.19,0.09,25.75,6.30,9.23,5.19,2.39,35.34,6.33,0.50,0.02,0.00
708,2.48,0.00,3.78,0.63,0.14,0.03,0.31,32.38,19.99,11.81,7.14,5.43,13.27,1.21,1.40,0.01,0.00
709,1.29,0.00,5.07,1.49,0.45,0.10,1.00,30.84,26.66,10.61,8.13,7.00,5.27,0.47,1.60,0.01,0.00
710,0.75,0.00,3.95,0.91,0.34,0.07,1.00,79.07,4.39,3.90,0.19,0.49,3.91,0.72,0.16,0.14,0.00
711,0.88,0.00,6.61,1.28,0.39,0.10,1.71,61.60,5.70,2.15,0.13,0.37,15.58,3.41,0.05,0.04,0.00
712,0.81,0.00,5.78,2.42,0.79,0.20,0.23,59.49,3.34,1.06,0.05,1.92,22.76,0.75,0.15,0.27,0.00
713,0.33,0.00,3.78,1.60,0.63,0.10,1.66,78.88,0.93,1.85,0.19,7.53,2.35,0.13,0.02,0.00,0.00
714,0.25,0.00,4.37,1.51,0.54,0.10,1.81,76.03,0.51,6.03,0.23,7.94,0.66,0.00,0.02,0.00,0.00
715,0.03,0.00,1.16,0.20,0.07,0.01,0.05,5.17,7.81,0.38,26.49,57.53,0.83,0.15,0.12,0.00,0.00
716,1.22,0.00,4.57,0.37,0.11,0.02,3.93,0.00,0.01,1.01,11.83,74.82,0.24,1.31,0.05,0.53,0.00
717,0.06,0.00,9.09,2.12,1.66,0.17,3.42,0.00,0.00,0.06,0.49,35.33,2.06,45.38,0.02,0.15,0.00
718,0.01,0.00,7.01,0.74,0.07,0.01,20.53,0.00,0.00,0.14,19.17,52.09,0.13,0.09,0.01,0.00,0.00
719,0.04,0.00,3.47,0.21,0.04,0.01,12.14,0.00,0.01,1.02,38.65,44.38,0.00,0.03,0.01,0.00,0.00
720,1.70,0.00,1.48,0.48,0.10,0.01,0.11,4.25,5.21,0.09,28.84,57.34,0.02,0.00,0.03,0.33,0.00
721,0.10,0.00,8.54,3.29,2.31,0.33,1.15,0.00,0.43,0.46,3.20,13.41,2.14,60.71,3.28,0.67,0.00
722,0.09,0.00,2.22,0.19,0.03,0.00,0.09,0.01,32.31,16.76,38.88,8.88,0.00,0.07,0.38,0.08,0.00
723,0.16,0.00,3.93,0.51,0.09,0.00,0.14,0.02,48.18,13.33,27.64,5.35,0.12,0.24,0.20,0.10,0.00
724,1.13,0.00,4.02,0.22,0.06,0.01,1.38,0.01,5.01,16.26,44.96,24.09,0.73,0.98,0.43,0.70,0.00
725,0.54,0.00,4.33,1.52,0.97,0.08,0.13,0.00,13.06,18.87,25.44,32.15,0.59,1.38,0.49,0.46,0.00
726,0.09,0.00,6.37,0.75,0.32,0.03,4.72,0.00,0.00,1.66,13.06,63.69,2.43,6.05,0.48,0.34,0.00
727,0.02,0.00,3.53,0.01,0.00,0.00,4.83,0.00,0.04,5.69,34.30,47.99,2.80,0.64,0.06,0.08,0.00
728,0.00,0.00,4.03,0.08,0.01,0.00,5.05,0.00,0.07,0.43,38.45,35.50,3.40,12.41,0.41,0.16,0.00
729,0.49,0.00,5.06,0.01,0.00,0.00,12.57,0.00,0.00,0.01,7.99,68.04,3.46,2.22,0.01,0.14,0.00
730,0.00,0.00,1.67,0.00,0.00,0.00,7.83,0.00,0.06,0.43,51.65,38.16,0.16,0.01,0.00,0.02,0.00
731,0.67,0.00,4.61,0.32,0.05,0.01,0.23,0.00,11.71,7.27,39.73,29.99,1.08,3.71,0.33,0.31,0.00
732,0.42,0.00,11.30,6.66,4.14,0.29,3.42,0.00,1.62,1.48,16.64,17.33,7.04,25.67,1.76,2.25,0.00
733,4.55,0.00,9.10,4.32,3.36,1.08,2.34,3.15,0.25,0.46,2.31,28.76,23.19,9.04,8.10,0.02,0.00
734,3.48,0.00,3.49,1.42,0.79,0.18,0.18,10.19,18.26,0.50,11.83,49.01,0.41,0.17,0.08,0.02,0.00
735,1.09,0.00,1.12,0.17,0.03,0.01,0.02,4.36,20.99,0.02,16.41,55.26,0.03,0.37,0.11,0.02,0.00
736,2.06,0.00,3.46,0.67,0.26,0.04,0.61,2.23,0.64,0.11,3.71,80.12,1.81,3.82,0.42,0.03,0.00
737,0.69,0.00,4.38,1.43,0.94,0.23,0.30,2.02,0.40,1.28,21.86,61.79,2.57,0.68,1.43,0.00,0.00
738,1.97,0.00,2.23,0.30,0.08,0.01,0.18,2.29,4.11,7.39,46.42,34.16,0.34,0.17,0.15,0.20,0.00
739,0.79,0.00,1.84,0.21,0.05,0.01,0.43,1.68,15.17,8.36,62.02,8.24,0.24,0.74,0.12,0.11,0.00
740,0.21,0.00,2.04,0.25,0.19,0.02,0.63,0.27,0.10,0.36,10.59,78.82,0.93,5.44,0.14,0.01,0.00
741,24.63,0.00,8.63,2.92,0.56,0.20,0.12,0.19,1.76,3.07,32.43,16.76,1.31,5.61,0.93,0.88,0.00
742,0.15,0.00,3.42,0.16,0.02,0.00,0.15,2.62,18.02,16.20,46.20,12.11,0.02,0.88,0.03,0.00,0.00
743,0.41,0.00,5.28,1.12,0.28,0.03,0.14,2.85,25.07,12.02,33.41,16.50,0.20,2.44,0.13,0.12,0.00
744,1.31,0.00,11.20,9.32,8.57,1.43,0.27,0.51,2.04,3.16,7.57,25.65,3.20,24.59,0.70,0.48,0.00
745,0.85,0.00,2.90,0.17,0.03,0.00,0.05,3.79,26.84,14.70,31.61,18.03,0.00,0.99,0.02,0.01,0.00
746,0.90,0.00,4.86,2.48,1.10,0.08,0.34,0.46,2.32,1.70,9.78,72.41,0.76,0.04,0.51,2.24,0.00
747,0.95,0.00,9.48,5.98,4.99,0.80,0.11,3.62,14.94,7.21,16.27,33.16,0.52,0.02,0.66,1.30,0.00
748,30.14,0.00,4.34,7.02,8.04,2.35,0.94,0.01,0.10,0.22,0.29,8.92,0.42,11.15,0.27,25.82,0.00
749,0.47,0.00,9.75,11.02,15.72,3.58,0.67,0.02,0.02,0.24,0.20,38.93,9.70,7.83,0.06,1.77,0.00
750,1.40,0.00,7.32,3.87,3.50,0.59,0.08,0.03,2.31,31.22,15.38,33.67,0.03,0.21,0.16,0.22,0.00
751,0.90,0.00,12.83,14.15,36.54,27.50,0.40,0.01,1.37,2.42,1.83,1.94,0.01,0.00,0.09,0.02,0.00
752,0.88,0.00,9.41,21.28,48.90,16.66,0.04,0.01,0.07,0.14,0.15,1.56,0.04,0.05,0.15,0.66,0.00
753,1.23,0.00,13.20,10.56,16.36,2.57,0.25,0.00,0.03,3.84,1.59,46.33,0.93,2.66,0.10,0.34,0.00
754,0.28,0.00,16.36,8.32,7.19,1.43,0.32,0.00,0.04,0.50,1.23,19.66,5.17,37.70,1.16,0.64,0.00
755,0.94,0.00,20.24,10.73,9.55,2.12,0.51,0.00,7.30,5.30,7.81,12.57,0.80,20.00,0.74,1.40,0.00
756,1.34,0.00,16.02,6.94,3.26,0.16,0.01,0.00,13.67,27.08,10.38,19.66,0.07,0.60,0.45,0.35,0.00
757,0.20,0.00,3.44,0.14,0.04,0.01,1.58,0.01,18.12,2.73,38.10,34.08,0.08,0.67,0.48,0.30,0.00
758,0.10,0.00,1.71,0.05,0.01,0.00,0.36,0.00,0.34,13.96,49.95,32.65,0.43,0.17,0.11,0.15,0.00
759,1.03,0.00,6.18,1.24,0.44,0.15,0.14,74.22,1.09,0.06,0.06,0.87,11.80,2.69,0.02,0.01,0.00
760,1.10,0.00,7.30,3.11,1.36,0.46,0.39,67.00,0.90,0.17,0.17,1.90,12.67,3.39,0.05,0.01,0.00
761,1.33,0.00,9.08,3.98,1.80,0.80,0.35,57.22,1.56,1.60,0.10,1.65,13.31,7.08,0.12,0.03,0.00
762,0.83,0.00,3.67,1.78,0.60,0.16,0.08,69.42,1.54,0.35,2.06,3.27,10.95,5.27,0.02,0.00,0.00
763,1.55,0.00,6.52,1.61,0.55,0.21,0.36,53.91,1.35,0.01,0.09,1.45,17.88,14.02,0.43,0.04,0.00
764,0.72,0.00,5.04,2.07,0.63,0.16,0.24,65.70,2.54,2.94,0.74,4.53,12.13,2.51,0.04,0.01,0.00
765,2.18,0.00,4.14,1.25,0.24,0.02,0.20,69.86,1.95,10.06,0.35,4.10,5.37,0.26,0.03,0.00,0.00
766,0.40,0.00,5.21,2.12,0.45,0.06,0.24,64.36,1.74,3.54,0.87,6.11,14.60,0.31,0.00,0.00,0.00
767,1.43,0.00,3.72,0.36,0.12,0.04,0.09,56.82,2.64,0.32,0.26,4.02,19.65,10.17,0.25,0.10,0.00
768,0.65,0.00,6.23,1.40,0.63,0.24,0.22,35.59,1.26,0.16,0.16,1.47,31.19,20.68,0.10,0.02,0.00
769,1.42,0.00,2.72,0.57,0.20,0.05,0.06,71.52,1.60,0.14,0.43,3.22,9.90,6.90,1.19,0.07,0.00
770,1.90,0.00,6.93,3.51,1.76,0.87,0.11,36.77,2.06,0.53,0.38,2.20,37.16,5.52,0.23,0.06,0.00
771,0.23,0.00,7.43,1.85,0.68,0.29,0.03,21.67,1.59,0.12,0.03,0.75,31.06,34.13,0.11,0.03,0.00
772,4.39,0.00,3.47,0.64,0.21,0.08,0.06,61.10,3.89,1.04,1.58,4.01,14.07,3.90,1.45,0.11,0.00
773,3.18,0.00,6.21,2.53,0.75,0.28,0.14,34.67,1.54,1.19,1.95,2.18,31.77,11.55,2.03,0.03,0.00
774,2.16,0.00,7.08,2.81,1.01,0.48,0.08,42.36,4.42,3.53,1.81,1.66,29.07,3.14,0.35,0.03,0.00
775,1.43,0.00,8.11,4.77,1.56,0.63,0.26,17.88,9.57,6.19,3.41,2.25,38.51,5.04,0.33,0.05,0.00
776,0.53,0.00,5.28,1.72,0.36,0.08,0.06,32.86,6.45,6.66,8.32,2.73,29.68,2.09,3.16,0.02,0.00
777,0.57,0.00,4.29,0.68,0.18,0.05,0.05,46.47,6.36,1.82,1.41,3.64,32.98,1.40,0.06,0.04,0.00
778,0.78,0.00,8.20,4.33,2.34,0.99,0.09,14.01,0.48,0.15,0.13,0.56,62.99,4.90,0.02,0.02,0.00
779,2.02,0.00,3.68,1.67,0.11,0.01,0.11,64.47,4.95,0.64,0.01,0.97,15.96,5.12,0.26,0.02,0.00
780,0.76,0.00,4.88,1.63,0.16,0.03,0.17,51.60,2.03,0.07,0.01,0.39,29.25,7.17,1.14,0.72,0.00
781,6.62,0.00,5.19,2.33,0.87,0.41,0.06,14.14,0.35,0.00,0.01,0.10,3.46,60.59,4.78,1.09,0.00
782,1.69,0.00,5.64,1.82,0.37,0.19,0.12,25.09,0.71,0.01,0.04,0.82,6.78,56.04,0.45,0.23,0.00
783,1.27,0.00,5.33,1.15,0.39,0.18,0.18,31.18,2.15,0.01,0.09,2.08,9.08,44.22,1.54,1.15,0.00
784,13.00,0.00,3.15,2.69,1.17,0.54,0.11,3.47,0.10,0.02,0.01,2.12,2.18,55.94,11.51,4.00,0.00
785,12.00,0.00,4.77,5.77,2.96,1.88,0.68,7.71,0.02,0.04,0.03,0.08,3.83,49.14,9.54,1.54,0.00
786,1.34,0.00,4.85,4.58,1.74,0.63,0.23,38.01,0.59,0.52,0.27,1.00,23.04,21.74,1.22,0.22,0.00
787,1.27,0.00,4.16,0.34,0.01,0.00,0.05,84.08,0.15,0.20,0.00,0.03,6.63,2.46,0.52,0.12,0.00
788,0.94,0.00,2.82,0.20,0.08,0.03,0.03,64.95,3.50,0.42,0.44,5.47,14.13,6.19,0.58,0.23,0.00
789,0.55,0.00,2.99,2.88,0.65,0.12,0.02,21.56,0.01,0.00,0.02,0.10,10.77,59.83,0.49,0.02,0.00
790,1.74,0.00,5.80,2.73,0.54,0.14,0.02,20.67,0.05,0.00,0.00,1.06,17.14,48.77,1.22,0.12,0.00
791,0.51,0.00,5.41,1.62,0.17,0.05,0.02,34.17,1.02,0.00,0.00,0.20,35.75,20.44,0.59,0.05,0.00
792,0.72,0.00,3.85,4.11,0.75,0.09,0.26,45.60,0.04,0.14,0.00,0.47,25.73,18.06,0.14,0.04,0.00
793,0.44,0.00,6.68,2.36,0.38,0.10,0.04,23.09,0.02,0.00,0.00,1.15,8.56,56.91,0.26,0.01,0.00
794,7.96,0.00,4.41,0.62,0.24,0.11,0.30,0.88,0.05,0.34,0.20,0.11,0.32,62.78,21.08,0.60,0.00
795,1.59,0.00,4.29,0.53,0.18,0.05,0.02,0.70,0.17,0.31,0.06,0.01,0.50,79.96,11.39,0.24,0.00
796,1.06,0.00,4.69,1.17,0.38,0.13,0.02,0.58,0.05,0.05,0.00,0.04,0.74,85.75,5.21,0.12,0.00
797,3.96,0.00,3.79,0.63,0.26,0.10,0.01,0.51,0.04,0.68,0.24,0.02,0.22,68.00,21.24,0.29,0.00
798,3.64,0.00,5.08,1.04,0.34,0.14,0.03,6.77,2.61,3.86,0.09,0.19,6.35,55.70,13.86,0.30,0.00
799,4.28,0.00,2.91,0.27,0.09,0.02,0.11,1.17,0.58,0.59,0.00,0.03,0.92,49.54,39.07,0.42,0.00
800,1.24,0.00,4.39,0.64,0.17,0.05,0.03,1.06,0.32,0.43,0.00,0.05,0.95,78.71,11.53,0.42,0.00
801,6.74,0.00,4.12,0.88,0.45,0.30,0.18,1.61,0.99,2.40,1.13,0.06,1.22,57.12,22.11,0.68,0.00
802,3.59,0.00,4.42,1.02,0.43,0.17,0.01,0.72,0.47,1.53,0.75,0.04,0.36,68.96,16.69,0.83,0.00
803,2.17,0.00,4.74,0.51,0.13,0.04,0.01,0.77,1.93,3.60,0.48,0.02,0.35,71.81,13.13,0.30,0.00
804,7.70,0.00,3.64,7.27,1.65,1.16,0.58,0.88,0.11,0.62,0.61,0.82,6.78,35.55,29.16,3.48,0.00
805,3.80,0.00,2.16,0.25,0.05,0.00,0.01,1.68,0.17,1.73,0.31,0.12,1.09,36.86,51.20,0.57,0.00
806,4.07,0.00,2.67,1.70,0.19,0.10,0.05,1.72,0.17,0.88,0.90,0.77,6.09,40.67,38.29,1.73,0.00
807,9.58,0.00,1.14,1.48,0.26,0.17,0.11,0.17,0.05,0.08,0.21,0.23,1.33,6.89,71.41,6.89,0.00
808,38.28,0.00,0.42,1.24,0.44,0.22,0.90,0.09,0.03,0.04,0.12,0.13,0.94,0.70,5.44,51.00,0.00
809,0.82,0.00,5.93,1.11,0.37,0.13,0.20,49.28,1.69,3.82,6.36,0.56,12.46,14.58,2.56,0.14,0.00
810,1.39,0.00,6.79,2.85,1.29,0.49,0.10,18.69,3.81,2.11,7.23,0.41,13.32,31.98,9.04,0.50,0.00
811,0.60,0.00,3.58,0.77,0.16,0.05,0.42,18.18,23.14,15.49,14.97,3.03,9.66,2.41,7.41,0.14,0.00
812,1.00,0.00,10.62,8.67,4.09,1.12,0.57,1.68,10.28,1.67,14.51,4.47,10.49,3.44,26.77,0.63,0.00
813,0.98,0.00,6.50,2.68,0.88,0.29,0.34,0.27,25.34,1.23,10.78,4.03,2.93,1.68,36.93,5.13,0.00
814,2.24,0.00,10.03,6.94,3.64,1.08,1.14,0.09,3.93,0.08,5.59,3.02,16.99,11.99,27.26,5.99,0.00
815,6.10,0.00,14.11,6.62,2.32,0.62,0.73,0.12,21.69,0.37,9.97,3.48,15.61,6.77,8.46,3.02,0.00
816,5.16,0.00,7.06,4.01,1.47,0.37,0.31,0.05,11.17,0.24,9.31,1.84,15.51,7.58,27.03,8.90,0.00
817,0.52,0.00,3.76,0.91,0.08,0.03,0.34,0.23,33.35,1.10,13.63,5.78,1.47,3.31,32.89,2.58,0.00
818,1.81,0.00,6.71,3.32,1.16,0.47,0.37,0.40,30.72,1.50,12.81,5.17,2.39,2.46,28.33,2.38,0.00
819,0.25,0.00,0.86,0.09,0.00,0.00,0.00,0.00,9.17,0.05,2.33,0.66,0.02,0.00,81.64,4.92,0.00
820,0.23,0.00,4.42,2.29,0.48,0.17,0.08,0.72,23.11,0.81,11.13,4.41,4.82,20.17,24.39,2.77,0.00
821,6.68,0.00,1.62,0.48,0.21,0.08,0.27,0.23,7.66,0.53,3.10,1.05,0.42,0.29,73.79,3.60,0.00
822,11.39,0.00,5.25,3.09,1.24,0.57,1.06,0.27,18.14,0.68,4.21,1.15,1.11,0.73,14.60,36.52,0.00
823,10.05,0.00,9.53,10.26,4.98,1.49,6.28,0.04,6.63,0.17,2.68,0.90,0.23,0.06,18.75,27.94,0.00
824,4.01,0.00,1.81,1.45,1.02,0.27,1.55,0.00,2.74,0.03,0.53,0.27,0.01,0.00,15.47,70.83,0.00
825,12.74,0.00,1.01,0.74,0.34,0.08,0.13,0.00,0.05,0.00,0.05,0.20,1.17,21.59,7.02,54.89,0.00
826,0.50,0.00,3.99,2.51,1.01,0.19,0.18,0.00,5.15,0.18,1.08,0.27,1.71,2.66,50.30,30.28,0.00
827,3.32,0.00,18.56,29.12,17.65,6.50,0.52,0.08,0.72,0.06,1.06,0.63,0.42,8.74,8.30,4.32,0.00
828,9.09,0.00,1.46,1.70,1.40,0.33,0.09,0.02,0.07,0.00,0.02,0.07,0.00,0.00,72.94,12.82,0.00
829,2.33,0.00,2.82,1.01,0.16,0.02,0.64,4.14,63.18,9.93,11.29,1.64,1.27,0.10,1.33,0.14,0.00
830,0.65,0.10,0.64,0.38,0.08,0.02,2.91,0.35,74.45,0.39,14.46,5.19,0.01,0.00,0.33,0.03,0.01
831,0.73,5.41,0.02,0.05,0.03,0.02,22.26,0.14,40.15,0.05,17.59,13.14,0.00,0.00,0.34,0.05,0.02
832,0.08,0.00,0.13,0.33,0.12,0.03,1.94,0.05,73.42,0.11,13.75,9.21,0.01,0.00,0.72,0.07,0.03
833,0.62,0.00,0.66,1.75,0.32,0.04,0.05,0.29,55.19,0.12,32.34,6.97,0.52,0.02,0.74,0.37,0.00
834,6.17,0.00,0.21,1.32,1.30,0.64,0.06,0.15,36.39,0.03,43.12,9.94,0.30,0.00,0.25,0.12,0.00
835,3.99,0.00,0.46,0.63,0.14,0.05,1.80,0.13,63.13,0.14,16.33,11.93,0.02,0.00,1.17,0.07,0.00
836,0.98,0.00,1.62,3.17,0.67,0.10,0.39,0.21,59.94,0.09,17.23,10.55,2.01,1.31,1.50,0.22,0.00
837,0.14,9.06,0.01,0.02,0.01,0.00,12.22,0.06,59.14,0.05,15.12,3.98,0.00,0.00,0.19,0.00,0.00
838,0.91,0.00,8.49,7.47,4.53,1.75,0.49,0.08,7.33,1.26,14.49,9.53,21.74,17.40,2.89,1.63,0.00
839,0.76,0.00,3.08,1.15,0.25,0.06,0.67,0.63,35.07,2.88,36.86,9.59,5.93,1.96,0.86,0.26,0.00
840,0.45,0.00,3.81,1.78,0.85,0.35,0.89,0.70,28.71,6.86,16.27,14.21,22.48,1.11,1.05,0.48,0.00
841,0.10,0.00,2.08,0.26,0.03,0.00,0.19,0.77,63.17,3.19,29.01,1.10,0.00,0.00,0.07,0.01,0.00
842,0.12,0.00,2.97,0.36,0.07,0.01,0.92,0.08,70.62,2.69,17.32,3.23,1.14,0.07,0.32,0.06,0.00
843,0.11,0.00,2.15,0.06,0.00,0.00,0.37,0.03,81.66,5.40,8.35,1.76,0.01,0.00,0.08,0.03,0.00
844,0.21,0.00,4.21,0.33,0.11,0.03,0.30,0.97,47.55,3.09,36.26,6.03,0.51,0.08,0.31,0.03,0.00
845,0.02,0.00,2.64,0.17,0.01,0.00,0.19,0.74,77.04,1.91,12.69,3.28,0.00,0.00,1.11,0.20,0.00
846,0.34,0.00,3.12,0.12,0.03,0.01,0.18,2.33,79.52,4.68,8.89,0.60,0.05,0.01,0.11,0.01,0.00
847,0.04,0.00,1.82,0.03,0.00,0.00,0.04,1.55,76.95,3.56,15.56,0.45,0.00,0.00,0.00,0.00,0.00
848,2.87,0.00,2.74,0.20,0.05,0.01,0.35,3.23,61.28,3.93,23.15,2.03,0.05,0.05,0.05,0.02,0.00
849,0.02,0.00,2.95,0.01,0.00,0.00,0.10,1.45,71.12,2.59,20.76,1.00,0.00,0.00,0.01,0.00,0.00
850,0.09,0.01,0.98,0.00,0.00,0.00,0.12,1.33,73.59,3.68,18.18,1.75,0.00,0.00,0.25,0.04,0.00
851,0.11,0.01,0.58,0.05,0.01,0.00,1.16,0.57,76.13,0.80,18.62,1.67,0.00,0.02,0.25,0.02,0.00
852,0.80,3.26,0.06,0.00,0.00,0.00,6.70,0.23,47.86,1.13,29.57,9.83,0.00,0.00,0.46,0.10,0.00
853,0.01,0.00,0.98,0.19,0.02,0.01,1.16,0.94,38.30,0.22,44.11,11.94,1.08,1.00,0.03,0.01,0.00
854,0.38,0.00,2.84,0.07,0.02,0.01,0.21,6.41,41.46,8.87,26.66,11.91,0.78,0.27,0.07,0.04,0.00
855,0.17,0.00,2.79,0.01,0.00,0.00,0.17,3.15,56.74,4.25,29.92,2.78,0.00,0.00,0.01,0.01,0.00
856,0.02,0.00,1.64,0.31,0.10,0.02,0.19,0.00,0.08,0.00,89.28,4.41,0.31,3.35,0.20,0.07,0.01
857,0.01,0.00,0.21,0.06,0.02,0.00,0.37,0.00,18.39,0.51,79.67,0.69,0.00,0.00,0.03,0.01,0.01
858,0.01,0.00,0.16,0.00,0.00,0.00,0.05,0.11,78.76,4.12,16.02,0.75,0.00,0.00,0.00,0.00,0.00
859,0.01,0.00,0.05,0.05,0.04,0.01,80.28,0.00,0.00,0.00,2.09,17.44,0.00,0.03,0.00,0.00,0.00
860,0.01,0.00,0.62,0.05,0.01,0.00,0.12,0.00,0.32,0.00,90.38,8.24,0.06,0.05,0.04,0.10,0.01
861,0.88,0.00,8.33,4.82,6.29,1.66,1.37,0.22,0.05,0.01,0.07,35.42,11.31,27.35,0.70,1.51,0.00
862,0.19,0.00,5.55,3.03,2.73,0.74,2.77,0.44,0.00,0.00,0.02,21.79,13.29,49.10,0.30,0.04,0.00
863,0.45,0.00,2.91,1.27,0.39,0.06,0.19,0.01,0.00,0.00,0.00,0.77,1.38,83.46,0.60,8.50,0.00
864,0.80,0.00,5.59,2.59,2.74,0.72,0.61,0.03,0.01,0.00,0.57,33.86,4.27,47.58,0.59,0.03,0.00
865,3.58,0.00,5.92,3.84,3.56,1.04,2.99,0.28,0.02,0.00,0.04,2.83,3.17,64.78,4.85,3.10,0.00
866,0.04,0.00,1.78,0.10,0.02,0.00,0.84,2.04,0.97,1.61,9.99,73.56,0.99,6.26,0.74,1.06,0.00
867,0.20,0.00,5.27,2.01,2.71,0.77,1.03,0.01,0.00,0.00,0.11,11.81,6.86,68.04,0.20,0.98,0.00
868,1.69,0.00,3.16,2.23,2.77,1.34,0.44,0.00,0.00,0.00,0.00,5.33,8.48,66.42,0.18,7.97,0.00
869,16.28,0.00,2.71,1.49,1.37,0.48,0.15,0.09,0.00,0.00,0.08,3.20,6.03,53.91,0.83,13.38,0.00
870,0.20,0.00,5.22,2.71,4.17,1.32,0.05,0.00,0.00,0.00,0.05,1.62,2.62,80.65,0.65,0.73,0.00
871,0.09,0.00,8.29,10.34,14.99,6.32,0.14,0.00,0.00,0.00,0.03,1.50,3.61,54.42,0.03,0.23,0.00
872,1.94,0.00,3.42,1.19,0.87,0.22,0.80,0.00,0.00,0.00,0.11,11.37,11.52,50.11,1.74,16.71,0.00
873,0.30,0.00,5.79,5.49,6.00,1.56,0.66,0.00,0.00,0.01,0.12,5.88,14.18,58.70,0.39,0.92,0.00
874,1.23,0.00,7.12,3.43,3.73,0.91,1.12,0.00,0.00,0.01,0.21,18.17,7.22,56.57,0.05,0.23,0.00
875,0.26,0.00,4.95,2.62,3.17,0.77,0.44,0.00,0.00,0.00,0.10,6.13,13.88,67.52,0.14,0.00,0.00
876,0.24,0.00,3.88,2.23,0.68,0.13,0.84,0.00,0.00,0.00,0.03,1.87,1.12,88.84,0.02,0.10,0.00
877,2.37,0.00,2.38,1.64,1.76,0.44,2.16,0.00,0.00,0.00,0.02,3.77,9.89,74.70,0.22,0.65,0.00
878,0.08,0.00,5.94,1.52,1.73,0.30,0.65,0.01,0.00,0.00,1.06,65.00,0.63,22.51,0.54,0.03,0.00
879,0.41,0.00,6.18,2.75,3.91,0.82,2.25,0.00,0.00,0.01,1.75,16.29,7.33,58.13,0.15,0.02,0.00
880,0.19,0.00,6.29,1.37,0.20,0.05,13.43,0.00,0.00,0.00,0.18,31.66,1.52,45.02,0.00,0.07,0.00
881,1.27,0.00,2.74,1.46,0.54,0.03,0.46,0.00,0.00,0.00,0.49,22.88,5.04,63.49,0.04,1.55,0.00
882,0.14,0.00,0.25,0.07,0.01,0.00,0.36,0.02,0.70,0.00,89.90,7.04,0.69,0.40,0.32,0.10,0.00
883,0.08,0.00,0.80,0.12,0.03,0.00,0.05,1.66,9.43,0.01,76.88,4.90,0.95,4.77,0.23,0.07,0.00
884,0.01,0.00,0.17,0.03,0.00,0.00,0.14,7.75,38.05,0.73,49.80,2.73,0.08,0.33,0.08,0.10,0.00
885,0.45,0.00,1.39,0.51,0.02,0.00,11.36,0.00,0.15,0.00,72.31,2.17,5.37,4.65,0.20,1.43,0.00
886,10.58,0.00,1.27,0.41,0.03,0.00,10.29,0.00,0.13,0.00,49.68,1.08,13.80,3.31,2.30,7.11,0.00
887,0.54,0.00,0.30,0.04,0.00,0.00,0.17,0.00,2.02,0.00,86.87,8.39,0.41,0.26,0.06,0.93,0.00
888,0.14,0.00,0.20,0.04,0.00,0.00,0.68,0.01,0.80,0.01,94.29,3.11,0.30,0.14,0.06,0.23,0.00
889,0.03,0.00,2.47,0.26,0.01,0.00,0.01,0.00,1.06,0.00,37.72,34.71,4.12,19.45,0.14,0.02,0.00
890,1.23,0.00,2.88,0.34,0.09,0.02,0.07,0.78,0.98,0.02,39.70,14.05,2.04,36.37,0.22,1.22,0.00
891,0.02,0.00,0.10,0.02,0.00,0.00,0.13,1.87,7.00,0.15,88.92,1.59,0.02,0.01,0.12,0.06,0.00
892,0.04,0.00,0.00,0.00,0.00,0.00,0.76,0.18,29.69,0.00,68.77,0.50,0.00,0.00,0.02,0.04,0.00
893,0.19,0.00,0.78,0.22,0.00,0.00,9.69,0.00,0.03,0.00,79.89,4.46,1.93,0.52,0.83,1.46,0.00
894,15.32,0.00,0.14,0.05,0.00,0.00,66.20,0.00,0.33,0.00,5.09,0.14,0.49,3.50,0.05,8.69,0.00
895,0.00,0.00,0.76,0.46,0.15,0.00,29.59,0.00,0.02,0.02,60.92,7.92,0.06,0.00,0.09,0.00,0.01
896,0.00,0.00,0.80,0.16,0.01,0.00,12.30,0.03,2.12,0.14,64.22,19.76,0.01,0.00,0.27,0.18,0.00
897,0.01,0.00,1.29,0.42,0.25,0.01,84.81,0.00,0.00,0.00,10.47,2.04,0.16,0.44,0.08,0.00,0.02
898,0.06,0.00,0.31,0.06,0.00,0.00,40.59,0.00,0.00,0.01,58.82,0.06,0.02,0.04,0.01,0.00,0.03
899,0.08,0.00,4.89,7.14,8.52,1.60,12.59,0.00,0.01,0.05,60.82,3.61,0.09,0.52,0.02,0.04,0.00
900,21.41,0.00,2.08,4.18,1.77,0.29,10.96,0.01,0.04,0.03,14.01,0.04,20.04,24.40,0.47,0.24,0.02
901,4.54,0.00,3.46,4.05,1.27,0.19,0.63,0.57,0.01,0.01,35.26,0.76,20.88,22.25,4.44,1.62,0.07
902,0.01,0.00,0.00,0.00,0.00,0.00,78.21,0.00,0.00,0.00,21.79,0.00,0.00,0.00,0.00,0.00,0.00
903,0.01,0.00,0.12,0.07,0.03,0.00,1.26,0.00,0.00,0.00,97.87,0.60,0.01,0.00,0.01,0.00,0.01
904,0.03,0.00,0.92,0.38,0.12,0.03,11.33,0.00,0.00,0.00,82.93,1.99,0.33,1.84,0.05,0.03,0.01
905,0.62,0.00,0.63,0.45,0.15,0.01,0.21,0.00,0.14,0.00,97.02,0.54,0.02,0.01,0.18,0.03,0.00
906,0.24,0.00,2.34,1.77,0.81,0.16,0.72,0.02,0.00,0.00,87.13,4.81,0.33,0.60,1.00,0.08,0.00
907,0.00,0.00,0.57,0.37,0.04,0.00,0.29,0.00,0.00,0.00,96.60,1.73,0.12,0.13,0.07,0.05,0.02
908,0.20,0.00,8.98,11.45,10.57,2.55,0.07,0.00,0.00,0.00,39.91,0.69,0.93,24.10,0.44,0.09,0.00
909,0.43,0.00,4.82,2.93,1.64,0.70,0.46,0.00,0.00,0.00,44.47,0.95,3.82,29.87,8.45,1.46,0.00
910,1.14,0.00,4.24,2.35,0.82,0.36,0.16,9.89,6.26,20.33,2.68,0.93,5.16,31.48,13.61,0.54,0.07
911,3.38,0.00,0.77,0.32,0.10,0.02,0.33,13.17,19.25,34.53,8.39,1.92,1.01,2.80,13.37,0.63,0.02
912,6.84,0.00,1.08,0.35,0.09,0.02,0.03,13.80,21.69,32.22,5.30,1.30,0.46,0.80,14.52,1.46,0.03
913,8.67,0.00,1.17,0.37,0.16,0.06,0.28,13.51,22.97,31.27,7.27,1.65,0.43,0.35,10.60,1.25,0.00
914,4.87,0.00,4.04,2.12,0.72,0.24,0.22,19.00,13.85,29.73,2.06,0.58,5.50,3.41,11.99,1.66,0.00
915,7.08,0.00,6.06,2.75,0.91,0.33,0.76,16.73,18.05,24.94,2.74,1.10,4.10,1.41,9.30,3.75,0.00
916,5.00,0.00,2.50,1.82,0.59,0.15,0.63,8.54,26.36,24.91,6.09,2.24,0.98,2.42,14.43,3.33,0.00
917,3.54,0.00,3.61,2.34,1.34,0.61,0.17,7.37,19.04,28.43,3.45,0.66,2.02,1.68,22.10,3.65,0.00
918,1.01,0.00,11.60,12.26,5.65,2.52,0.42,21.07,0.47,1.75,0.84,0.93,14.06,19.08,7.40,0.93,0.00
919,20.08,0.00,4.02,2.52,1.18,0.38,0.14,16.58,8.74,5.30,1.91,0.91,18.43,10.35,7.77,1.70,0.01
920,4.65,0.00,6.27,3.63,1.30,0.54,0.35,16.90,2.56,2.01,4.94,0.82,24.21,19.53,10.72,1.57,0.00
921,6.44,0.00,2.78,1.21,0.36,0.10,0.06,31.69,6.32,1.37,2.78,3.46,19.32,5.55,16.43,2.08,0.03
922,1.99,0.00,2.65,0.82,0.30,0.13,0.17,36.70,9.67,2.75,4.47,2.66,17.65,7.02,11.86,1.16,0.00
923,1.39,0.00,4.96,2.32,0.86,0.27,0.07,24.36,7.18,6.49,4.94,2.10,24.16,14.66,5.61,0.61,0.00
924,4.27,0.00,14.99,15.12,9.40,2.15,3.22,15.10,12.95,4.75,2.68,2.13,2.41,3.78,3.18,3.88,0.00
925,1.15,0.00,11.16,7.37,2.90,0.76,1.03,19.10,12.92,6.25,2.59,0.61,0.83,6.08,26.78,0.48,0.00
926,4.67,0.00,9.43,10.78,12.17,7.99,4.06,4.27,0.72,1.07,1.14,0.88,0.75,1.03,11.31,29.75,0.00
927,0.82,0.00,17.96,13.49,6.44,2.56,0.31,12.26,0.34,0.95,1.93,0.74,7.38,19.79,14.08,0.94,0.00
928,0.39,0.00,18.14,11.51,8.10,0.37,0.52,0.00,5.50,8.83,21.21,17.44,0.71,6.66,0.34,0.27,0.00
929,0.61,0.00,13.98,11.39,14.09,1.48,1.34,0.00,1.15,1.46,8.29,6.53,3.01,34.13,1.06,1.48,0.00
930,0.60,0.00,13.90,8.90,5.13,0.36,0.42,0.00,3.15,3.36,49.37,13.46,0.42,0.60,0.21,0.12,0.00
931,0.46,0.00,9.70,20.46,47.17,18.39,0.28,0.00,0.06,0.14,1.17,1.49,0.06,0.30,0.12,0.18,0.00
932,1.08,0.00,14.76,18.81,33.22,11.41,0.79,0.00,0.12,0.23,9.97,6.22,0.07,1.13,1.35,0.82,0.01
933,0.67,0.00,15.30,13.25,13.95,2.14,0.66,0.00,0.24,0.53,38.67,10.80,0.28,2.24,1.06,0.21,0.00
934,0.59,0.00,6.90,1.72,0.36,0.02,0.10,0.00,0.57,0.86,71.98,12.03,0.32,3.64,0.59,0.31,0.00
935,0.42,0.00,5.46,0.49,0.02,0.00,0.24,0.00,0.02,0.08,70.65,20.72,0.00,0.00,0.79,1.08,0.00
936,1.22,0.00,0.51,0.03,0.01,0.00,1.74,0.00,0.22,0.88,51.71,43.55,0.11,0.00,0.01,0.01,0.00
937,1.09,0.00,3.30,1.01,0.42,0.08,5.37,0.00,0.10,0.45,67.39,20.24,0.53,0.00,0.01,0.00,0.00
938,1.45,0.00,20.18,21.19,21.07,2.01,1.54,0.00,0.03,0.09,5.72,15.71,4.06,5.80,0.90,0.26,0.00
939,1.47,0.00,10.98,4.33,2.60,0.17,0.60,0.00,0.02,0.08,43.41,33.68,0.65,1.53,0.30,0.18,0.00
940,0.06,0.00,4.76,0.88,0.28,0.02,0.05,0.00,2.76,1.59,79.75,4.95,0.06,4.39,0.39,0.06,0.00
941,0.05,0.00,0.85,0.01,0.00,0.00,0.35,0.00,17.72,21.39,54.65,4.64,0.01,0.04,0.20,0.09,0.00
942,0.00,0.00,0.42,0.00,0.00,0.00,0.43,0.00,70.46,5.69,19.62,3.23,0.00,0.00,0.14,0.01,0.00
943,0.27,0.00,3.16,0.72,0.12,0.00,2.96,0.00,7.57,1.46,60.94,22.24,0.21,0.01,0.25,0.08,0.00
944,0.03,0.00,0.10,0.02,0.02,0.00,6.77,0.00,48.79,3.23,35.24,5.64,0.04,0.00,0.11,0.02,0.00
945,0.50,0.00,3.18,0.41,0.08,0.00,0.48,0.02,8.99,5.84,70.39,8.83,0.31,0.13,0.38,0.46,0.00
946,0.57,0.00,4.40,1.27,0.51,0.07,0.61,0.03,54.32,6.11,28.91,2.72,0.01,0.02,0.22,0.24,0.00
947,0.11,0.00,2.46,0.31,0.07,0.00,4.07,0.00,14.05,2.23,59.67,15.74,0.52,0.21,0.47,0.08,0.00
948,0.26,0.00,1.24,2.76,0.52,0.18,0.56,0.17,57.69,0.18,29.96,4.15,0.58,0.11,1.04,0.60,0.00
949,0.14,0.00,1.15,1.34,0.40,0.15,0.85,0.25,74.92,0.08,14.00,4.69,0.52,0.17,1.15,0.19,0.00
950,1.54,0.00,2.45,1.74,0.37,0.11,0.78,1.60,35.28,1.65,37.88,7.80,1.15,6.94,0.64,0.09,0.00
951,0.09,0.00,1.66,0.87,0.15,0.02,1.39,0.02,69.24,0.03,24.91,1.08,0.02,0.44,0.00,0.07,0.00
952,0.11,0.00,0.33,0.05,0.01,0.00,0.71,0.00,67.52,0.00,23.96,6.34,0.18,0.07,0.06,0.67,0.00
953,4.28,0.00,2.62,0.71,0.09,0.01,1.06,0.00,36.55,0.00,24.18,8.39,2.16,0.38,1.18,18.40,0.00
954,19.09,0.01,2.89,1.25,0.36,0.13,1.98,0.02,3.11,0.00,8.22,12.18,21.16,25.50,0.09,4.02,0.00
955,0.62,0.00,0.25,0.04,0.00,0.00,1.17,0.01,63.34,0.00,23.94,9.33,0.13,0.08,0.06,1.04,0.00
956,0.69,0.00,0.74,0.09,0.01,0.00,0.20,0.17,69.18,0.22,21.46,4.41,0.16,0.88,0.01,1.78,0.00
957,2.90,0.00,0.53,0.10,0.01,0.00,0.94,0.01,17.32,0.00,45.03,29.86,0.77,1.51,0.05,0.96,0.00
958,0.79,0.00,3.14,2.21,0.57,0.10,0.68,0.17,7.86,0.03,23.16,28.70,8.94,23.38,0.01,0.27,0.00
959,2.41,0.00,2.80,0.45,0.09,0.01,0.84,0.02,4.28,0.00,20.98,27.69,19.68,17.88,0.14,2.72,0.00
960,0.07,0.00,0.20,0.03,0.00,0.00,3.64,0.13,62.27,0.20,30.04,3.07,0.14,0.01,0.03,0.15,0.00
961,0.09,0.00,0.00,0.00,0.00,0.00,9.32,0.06,53.12,0.49,35.90,0.95,0.00,0.00,0.00,0.06,0.00
962,0.47,0.00,0.09,0.01,0.00,0.00,0.37,0.01,4.21,0.00,26.27,67.13,0.73,0.06,0.00,0.65,0.00
963,3.96,0.00,0.47,0.08,0.02,0.00,1.51,0.08,15.09,0.39,71.28,5.02,1.03,0.46,0.17,0.46,0.00
964,0.10,0.00,0.61,0.00,0.00,0.00,1.07,0.00,70.73,0.00,22.88,4.48,0.00,0.02,0.03,0.09,0.00
965,1.01,0.00,0.61,0.01,0.00,0.00,1.12,0.00,30.38,0.00,40.24,25.22,0.47,0.20,0.02,0.71,0.00
966,0.46,0.00,0.64,0.10,0.00,0.00,2.26,0.00,36.55,0.00,37.86,18.60,1.85,1.44,0.01,0.22,0.00
967,1.12,0.00,0.70,0.25,0.02,0.00,2.34,0.87,19.13,0.57,41.57,30.97,1.74,0.69,0.03,0.00,0.00
